0 0.518750 0.412500 0.009375 0.020833
0 0.588281 0.441146 0.009375 0.026042
2 0.602734 0.363021 0.021094 0.046875
2 0.666406 0.381771 0.018750 0.046875
2 0.740625 0.428646 0.014063 0.032292
2 0.232031 0.455208 0.009375 0.018750
2 0.542578 0.362500 0.011719 0.022917
0 0.518750 0.418750 0.003125 0.004167
0 0.588281 0.449479 0.003125 0.005208
2 0.602734 0.365625 0.007031 0.010417
2 0.666406 0.384375 0.006250 0.010417
2 0.740625 0.430729 0.004687 0.007292
2 0.232031 0.456250 0.003125 0.004167
2 0.542578 0.364063 0.003906 0.005208