0 0.533203 0.387500 0.011719 0.031250
0 0.619141 0.424479 0.011719 0.026042
2 0.657422 0.285938 0.025781 0.065625
2 0.756641 0.315625 0.025781 0.056250
2 0.871875 0.386979 0.018750 0.051042
1 0.117578 0.439063 0.021094 0.046875
1 0.564453 0.284896 0.035156 0.046875
0 0.533203 0.396875 0.003906 0.006250
0 0.619141 0.432812 0.003906 0.005208
2 0.657422 0.289583 0.008594 0.014583
2 0.756641 0.318750 0.008594 0.012500
2 0.871875 0.390104 0.006250 0.011458
1 0.117578 0.426042 0.007031 0.010417
1 0.564453 0.271875 0.011719 0.010417