0 0.519531 0.414583 0.009375 0.020833
0 0.589063 0.445833 0.009375 0.020833
2 0.602734 0.366667 0.016406 0.041667
2 0.666406 0.384896 0.014063 0.046875
2 0.739844 0.430729 0.014063 0.032292
2 0.234375 0.456250 0.009375 0.022917
2 0.544141 0.363021 0.025781 0.046875
0 0.519531 0.420833 0.003125 0.004167
0 0.589063 0.452083 0.003125 0.004167
2 0.602734 0.369271 0.005469 0.009375
2 0.666406 0.387500 0.004687 0.010417
2 0.739844 0.432812 0.004687 0.007292
2 0.234375 0.457813 0.003125 0.005208
2 0.544141 0.365625 0.008594 0.010417