0 0.602734 0.372396 0.021094 0.046875
0 0.665234 0.395313 0.016406 0.026042
0 0.736719 0.437500 0.014063 0.041667
0 0.940625 0.405729 0.037500 0.088542
0 0.522656 0.421354 0.009375 0.026042
0 0.590625 0.454167 0.009375 0.020833
0 0.243750 0.465625 0.009375 0.020833
0 0.546094 0.371875 0.018750 0.041667
0 0.602734 0.386979 0.007031 0.009375
0 0.665234 0.403646 0.005469 0.005208
0 0.736719 0.450000 0.004687 0.008333
0 0.940625 0.432812 0.012500 0.017708
0 0.522656 0.429688 0.003125 0.005208
0 0.590625 0.460417 0.003125 0.004167
0 0.243750 0.471875 0.003125 0.004167
0 0.546094 0.384375 0.006250 0.008333