0 0.521484 0.386979 0.011719 0.026042
0 0.617969 0.425000 0.014063 0.031250
1 0.681250 0.242708 0.037500 0.079167
1 0.810937 0.277604 0.028125 0.065625
1 0.960156 0.367188 0.023438 0.046875
1 0.010937 0.430729 0.021875 0.046875
1 0.560547 0.228125 0.035156 0.056250
0 0.521484 0.395313 0.003906 0.005208
0 0.617969 0.434375 0.004687 0.006250
1 0.681250 0.221354 0.012500 0.017708
1 0.810937 0.259375 0.009375 0.014583
1 0.960156 0.354167 0.007812 0.010417
1 0.007812 0.417708 0.009375 0.010417
1 0.560547 0.212500 0.011719 0.012500