0 0.518750 0.408333 0.009375 0.020833
0 0.589063 0.439583 0.009375 0.020833
2 0.605078 0.356771 0.016406 0.046875
2 0.670312 0.375521 0.014063 0.051042
2 0.744531 0.423958 0.014063 0.037500
2 0.226562 0.449479 0.018750 0.051042
2 0.543359 0.355729 0.016406 0.032292
0 0.518750 0.414583 0.003125 0.004167
0 0.589063 0.445833 0.003125 0.004167
2 0.605078 0.359375 0.005469 0.010417
2 0.670312 0.378646 0.004687 0.011458
2 0.744531 0.426042 0.004687 0.008333
2 0.226562 0.452604 0.006250 0.011458
2 0.543359 0.357812 0.005469 0.007292