0 0.531250 0.393750 0.009375 0.031250
0 0.614453 0.431250 0.011719 0.020833
2 0.646094 0.303646 0.028125 0.051042
2 0.737891 0.332292 0.021094 0.056250
2 0.844531 0.397917 0.018750 0.056250
1 0.141797 0.440104 0.021094 0.032292
1 0.560937 0.302083 0.028125 0.037500
0 0.531250 0.403125 0.003125 0.006250
0 0.614453 0.437500 0.003906 0.004167
2 0.646094 0.306771 0.009375 0.011458
2 0.737891 0.335417 0.007031 0.012500
2 0.844531 0.401042 0.006250 0.012500
1 0.141797 0.431771 0.007031 0.007292
1 0.560937 0.291667 0.009375 0.008333