0 0.528125 0.380208 0.014063 0.031250
0 0.610938 0.416146 0.009375 0.026042
2 0.639844 0.295312 0.023438 0.051042
2 0.728906 0.321875 0.023438 0.060417
2 0.832031 0.385937 0.018750 0.051042
1 0.149609 0.431250 0.016406 0.037500
1 0.557031 0.293750 0.028125 0.037500
0 0.528125 0.389583 0.004687 0.006250
0 0.610938 0.424479 0.003125 0.005208
2 0.639844 0.298438 0.007812 0.011458
2 0.728906 0.325521 0.007812 0.013542
2 0.832031 0.389062 0.006250 0.011458
1 0.149609 0.420833 0.005469 0.008333
1 0.557031 0.283333 0.009375 0.008333