0 0.602344 0.381250 0.009375 0.020833
0 0.664844 0.400000 0.009375 0.020833
0 0.735938 0.442708 0.009375 0.020833
0 0.941016 0.425000 0.016406 0.031250
0 0.521875 0.420312 0.009375 0.026042
0 0.590625 0.451562 0.009375 0.026042
0 0.242969 0.463021 0.009375 0.026042
0 0.545703 0.375000 0.011719 0.031250
0 0.602344 0.387500 0.003125 0.004167
0 0.664844 0.406250 0.003125 0.004167
0 0.735938 0.448958 0.003125 0.004167
0 0.941016 0.434375 0.005469 0.006250
0 0.521875 0.428646 0.003125 0.005208
0 0.590625 0.459896 0.003125 0.005208
0 0.242969 0.471354 0.003125 0.005208
0 0.545703 0.384375 0.003906 0.006250