0 0.526953 0.379167 0.011719 0.020833
0 0.621094 0.411979 0.014063 0.036458
2 0.675000 0.238542 0.032813 0.079167
2 0.796875 0.272917 0.028125 0.079167
2 0.935937 0.360938 0.018750 0.046875
1 0.042188 0.429167 0.028125 0.060417
1 0.563281 0.243750 0.037500 0.075000
0 0.526953 0.385417 0.003906 0.004167
0 0.621094 0.423438 0.004687 0.007292
2 0.675000 0.243229 0.010937 0.017708
2 0.796875 0.277604 0.009375 0.017708
2 0.935937 0.363542 0.006250 0.010417
1 0.042188 0.413021 0.009375 0.013542
1 0.563281 0.222917 0.012500 0.016667