0 0.532813 0.384896 0.009375 0.026042
0 0.621094 0.420312 0.009375 0.026042
2 0.660937 0.275521 0.028125 0.065625
2 0.764844 0.304688 0.023438 0.069792
2 0.884375 0.379688 0.018750 0.051042
1 0.103906 0.436979 0.023438 0.051042
1 0.564844 0.274479 0.032813 0.051042
0 0.532813 0.393229 0.003125 0.005208
0 0.621094 0.428646 0.003125 0.005208
2 0.660937 0.279167 0.009375 0.014583
2 0.764844 0.308854 0.007812 0.015625
2 0.884375 0.382812 0.006250 0.011458
1 0.103906 0.423438 0.007812 0.011458
1 0.564844 0.260937 0.010937 0.011458