0 0.531250 0.391667 0.009375 0.031250
0 0.614844 0.427604 0.014063 0.026042
2 0.647266 0.301042 0.025781 0.060417
2 0.740625 0.328646 0.018750 0.065625
2 0.848047 0.395313 0.016406 0.051042
1 0.138281 0.444792 0.023438 0.056250
1 0.561719 0.305208 0.032813 0.056250
0 0.531250 0.401042 0.003125 0.006250
0 0.614844 0.435937 0.004687 0.005208
2 0.647266 0.304688 0.008594 0.013542
2 0.740625 0.332292 0.006250 0.014583
2 0.848047 0.398438 0.005469 0.011458
1 0.138281 0.429167 0.007812 0.012500
1 0.561719 0.289583 0.010937 0.012500