0 0.519531 0.407292 0.009375 0.020833
0 0.596875 0.439063 0.009375 0.026042
2 0.618750 0.336458 0.023438 0.056250
2 0.696875 0.359375 0.018750 0.041667
2 0.787109 0.417708 0.016406 0.037500
2 0.176563 0.450000 0.009375 0.022917
2 0.545703 0.335938 0.016406 0.032292
0 0.519531 0.413542 0.003125 0.004167
0 0.596875 0.447396 0.003125 0.005208
2 0.618750 0.339583 0.007812 0.012500
2 0.696875 0.361979 0.006250 0.009375
2 0.787109 0.419792 0.005469 0.008333
2 0.176563 0.451562 0.003125 0.005208
2 0.545703 0.338021 0.005469 0.007292