0 0.520312 0.416667 0.009375 0.020833
0 0.589063 0.445312 0.009375 0.026042
2 0.603125 0.369271 0.018750 0.046875
2 0.666016 0.387500 0.016406 0.037500
2 0.738672 0.434375 0.011719 0.022917
2 0.236719 0.457813 0.014063 0.032292
2 0.544141 0.368750 0.011719 0.022917
0 0.520312 0.422917 0.003125 0.004167
0 0.589063 0.453646 0.003125 0.005208
2 0.603125 0.371875 0.006250 0.010417
2 0.666016 0.389583 0.005469 0.008333
2 0.738672 0.435937 0.003906 0.005208
2 0.236719 0.459896 0.004687 0.007292
2 0.544141 0.370312 0.003906 0.005208