0 0.603906 0.376563 0.014063 0.036458
0 0.665234 0.391667 0.016406 0.052083
0 0.735547 0.438542 0.016406 0.041667
0 0.934375 0.416146 0.032813 0.067708
0 0.523438 0.422396 0.009375 0.026042
0 0.590625 0.453646 0.009375 0.026042
0 0.247656 0.464062 0.014063 0.026042
0 0.546484 0.371354 0.025781 0.046875
0 0.603906 0.388021 0.004687 0.007292
0 0.665234 0.407292 0.005469 0.010417
0 0.735547 0.451042 0.005469 0.008333
0 0.934375 0.436979 0.010937 0.013542
0 0.523438 0.430729 0.003125 0.005208
0 0.590625 0.461979 0.003125 0.005208
0 0.247656 0.472396 0.004687 0.005208
0 0.546484 0.385937 0.008594 0.009375