0 0.525391 0.380729 0.011719 0.026042
0 0.619922 0.414062 0.016406 0.036458
1 0.675391 0.249479 0.035156 0.084375
1 0.797656 0.278125 0.032813 0.060417
1 0.942187 0.365625 0.028125 0.060417
1 0.033984 0.432292 0.025781 0.056250
1 0.562109 0.233854 0.039844 0.051042
0 0.525391 0.389062 0.003906 0.005208
0 0.619922 0.425521 0.005469 0.007292
1 0.675391 0.226042 0.011719 0.018750
1 0.797656 0.261979 0.010937 0.013542
1 0.942187 0.349479 0.009375 0.013542
1 0.033984 0.416667 0.008594 0.012500
1 0.562109 0.220312 0.013281 0.011458