0 0.523828 0.384896 0.011719 0.026042
0 0.619531 0.420833 0.014063 0.031250
1 0.676562 0.250521 0.032813 0.088542
1 0.801562 0.283333 0.032813 0.075000
1 0.946875 0.368750 0.028125 0.060417
1 0.026562 0.436458 0.028125 0.056250
1 0.560156 0.243750 0.042188 0.075000
0 0.523828 0.393229 0.003906 0.005208
0 0.619531 0.430208 0.004687 0.006250
1 0.676562 0.226562 0.010937 0.019792
1 0.801562 0.262500 0.010937 0.016667
1 0.946875 0.352604 0.009375 0.013542
1 0.026562 0.420833 0.009375 0.012500
1 0.560156 0.222917 0.014063 0.016667