0 0.533203 0.386458 0.011719 0.020833
0 0.621094 0.420833 0.014063 0.031250
2 0.660547 0.278646 0.025781 0.069792
2 0.762891 0.307812 0.025781 0.069792
2 0.882031 0.382292 0.018750 0.056250
1 0.108203 0.434375 0.021094 0.041667
1 0.564844 0.276562 0.032813 0.046875
0 0.533203 0.392708 0.003906 0.004167
0 0.621094 0.430208 0.004687 0.006250
2 0.660547 0.282813 0.008594 0.015625
2 0.762891 0.311979 0.008594 0.015625
2 0.882031 0.385417 0.006250 0.012500
1 0.108203 0.423438 0.007031 0.009375
1 0.564844 0.263542 0.010937 0.010417