0 0.607031 0.385417 0.014063 0.031250
0 0.665234 0.400000 0.016406 0.041667
0 0.732031 0.441667 0.014063 0.041667
0 0.905078 0.421875 0.035156 0.062500
0 0.595703 0.457292 0.011719 0.020833
0 0.268359 0.468750 0.011719 0.020833
0 0.552734 0.384375 0.016406 0.031250
0 0.607031 0.394792 0.004687 0.006250
0 0.665234 0.412500 0.005469 0.008333
0 0.732031 0.454167 0.004687 0.008333
0 0.905078 0.440625 0.011719 0.012500
0 0.530078 0.433854 0.002344 0.005208
0 0.595703 0.463542 0.003906 0.004167
0 0.268359 0.475000 0.003906 0.004167
0 0.552734 0.393750 0.005469 0.006250