0 0.530078 0.384896 0.011719 0.026042
0 0.621094 0.419792 0.014063 0.031250
2 0.667578 0.258854 0.030469 0.069792
2 0.780469 0.290104 0.028125 0.069792
2 0.910937 0.370312 0.018750 0.051042
1 0.072656 0.438021 0.023438 0.051042
1 0.563672 0.259375 0.039844 0.056250
0 0.530078 0.393229 0.003906 0.005208
0 0.621094 0.429167 0.004687 0.006250
2 0.667578 0.263021 0.010156 0.015625
2 0.780469 0.294271 0.009375 0.015625
2 0.910937 0.373437 0.006250 0.011458
1 0.072656 0.424479 0.007812 0.011458
1 0.563672 0.243750 0.013281 0.012500