0 0.522266 0.389583 0.011719 0.020833
0 0.617969 0.423438 0.014063 0.036458
1 0.677734 0.250521 0.035156 0.088542
1 0.803125 0.278646 0.018750 0.046875
1 0.950000 0.367708 0.018750 0.041667
1 0.017969 0.437500 0.032813 0.060417
1 0.560156 0.236458 0.042188 0.060417
0 0.522266 0.395833 0.003906 0.004167
0 0.617969 0.434896 0.004687 0.007292
1 0.677734 0.226562 0.011719 0.019792
1 0.803125 0.265625 0.006250 0.010417
1 0.950000 0.356771 0.006250 0.009375
1 0.017969 0.421354 0.010937 0.013542
1 0.560156 0.220312 0.014063 0.013542