0 0.527734 0.384896 0.011719 0.036458
0 0.610156 0.421875 0.009375 0.031250
2 0.639844 0.304688 0.023438 0.069792
2 0.727344 0.330208 0.023438 0.060417
2 0.828906 0.394271 0.018750 0.051042
1 0.151562 0.431250 0.009375 0.018750
1 0.557031 0.309375 0.032813 0.060417
0 0.527734 0.396354 0.003906 0.007292
0 0.610156 0.431250 0.003125 0.006250
2 0.639844 0.308854 0.007812 0.015625
2 0.727344 0.333854 0.007812 0.013542
2 0.828906 0.397396 0.006250 0.011458
1 0.151562 0.426042 0.003125 0.004167
1 0.557031 0.293229 0.010937 0.013542