0 0.532031 0.381771 0.009375 0.026042
0 0.621484 0.416667 0.011719 0.031250
2 0.664062 0.266667 0.028125 0.075000
2 0.769922 0.297396 0.025781 0.065625
2 0.892969 0.369271 0.023438 0.032292
1 0.094531 0.434896 0.023438 0.051042
1 0.565234 0.262500 0.030469 0.041667
0 0.532031 0.390104 0.003125 0.005208
0 0.621484 0.426042 0.003906 0.006250
2 0.664062 0.270833 0.009375 0.016667
2 0.769922 0.301042 0.008594 0.014583
2 0.892969 0.371354 0.007812 0.007292
1 0.094531 0.421354 0.007812 0.011458
1 0.565234 0.251563 0.010156 0.009375