0 0.533594 0.387500 0.009375 0.031250
0 0.619141 0.423438 0.011719 0.026042
2 0.655078 0.288021 0.025781 0.065625
2 0.753125 0.316146 0.023438 0.065625
2 0.867188 0.385937 0.018750 0.051042
1 0.123438 0.439063 0.023438 0.046875
1 0.564453 0.286979 0.025781 0.046875
0 0.533594 0.396875 0.003125 0.006250
0 0.619141 0.431771 0.003906 0.005208
2 0.655078 0.291667 0.008594 0.014583
2 0.753125 0.319792 0.007812 0.014583
2 0.867188 0.389062 0.006250 0.011458
1 0.123438 0.426042 0.007812 0.010417
1 0.564453 0.273958 0.008594 0.010417