0 0.520312 0.406771 0.009375 0.026042
0 0.591016 0.440625 0.011719 0.020833
2 0.607031 0.355729 0.018750 0.046875
2 0.675391 0.375521 0.016406 0.046875
2 0.753906 0.425521 0.014063 0.028125
2 0.216406 0.454167 0.009375 0.022917
2 0.544531 0.354167 0.023438 0.037500
0 0.520312 0.415104 0.003125 0.005208
0 0.591016 0.446875 0.003906 0.004167
2 0.607031 0.358333 0.006250 0.010417
2 0.675391 0.378125 0.005469 0.010417
2 0.753906 0.427083 0.004687 0.006250
2 0.216406 0.455729 0.003125 0.005208
2 0.544531 0.356250 0.007812 0.008333