0 0.605859 0.383333 0.016406 0.041667
0 0.665234 0.401042 0.016406 0.041667
0 0.733984 0.439583 0.021094 0.052083
0 0.916797 0.422396 0.030469 0.067708
0 0.527344 0.429167 0.009375 0.020833
0 0.594141 0.457813 0.011719 0.026042
0 0.260156 0.469792 0.009375 0.020833
0 0.551172 0.381250 0.016406 0.041667
0 0.605859 0.395833 0.005469 0.008333
0 0.665234 0.413542 0.005469 0.008333
0 0.733984 0.455208 0.007031 0.010417
0 0.916797 0.443229 0.010156 0.013542
0 0.527344 0.435417 0.003125 0.004167
0 0.594141 0.466146 0.003906 0.005208
0 0.260156 0.476042 0.003125 0.004167
0 0.551172 0.393750 0.005469 0.008333