0 0.605078 0.377083 0.016406 0.052083
0 0.665234 0.395313 0.016406 0.046875
0 0.734766 0.434375 0.025781 0.062500
0 0.923438 0.417708 0.032813 0.072917
0 0.525781 0.426042 0.009375 0.020833
0 0.592578 0.454688 0.011719 0.026042
0 0.253906 0.467708 0.009375 0.020833
0 0.549219 0.380729 0.014063 0.026042
0 0.605078 0.392708 0.005469 0.010417
0 0.665234 0.409896 0.005469 0.009375
0 0.734766 0.453125 0.008594 0.012500
0 0.923438 0.439583 0.010937 0.014583
0 0.525781 0.432292 0.003125 0.004167
0 0.592578 0.463021 0.003906 0.005208
0 0.253906 0.473958 0.003125 0.004167
0 0.549219 0.389062 0.004687 0.005208