0 0.532031 0.390104 0.009375 0.026042
0 0.616406 0.426042 0.009375 0.020833
2 0.648828 0.295312 0.025781 0.051042
2 0.742969 0.323437 0.023438 0.069792
2 0.851172 0.391146 0.016406 0.051042
1 0.136328 0.437500 0.021094 0.037500
1 0.561328 0.293750 0.030469 0.037500
0 0.532031 0.398438 0.003125 0.005208
0 0.616406 0.432292 0.003125 0.004167
2 0.648828 0.298438 0.008594 0.011458
2 0.742969 0.327604 0.007812 0.015625
2 0.851172 0.394271 0.005469 0.011458
1 0.136328 0.427083 0.007031 0.008333
1 0.561328 0.283333 0.010156 0.008333