0 0.531250 0.383854 0.009375 0.026042
0 0.621875 0.420833 0.009375 0.020833
2 0.666406 0.262500 0.028125 0.075000
2 0.777734 0.292187 0.025781 0.069792
2 0.905859 0.370833 0.025781 0.060417
1 0.080078 0.435937 0.021094 0.046875
1 0.564063 0.258854 0.037500 0.046875
0 0.531250 0.392188 0.003125 0.005208
0 0.621875 0.427083 0.003125 0.004167
2 0.666406 0.266667 0.009375 0.016667
2 0.777734 0.296354 0.008594 0.015625
2 0.905859 0.374479 0.008594 0.013542
1 0.080078 0.422917 0.007031 0.010417
1 0.564063 0.245833 0.012500 0.010417