0 0.530469 0.389583 0.009375 0.020833
0 0.612109 0.416146 0.016406 0.046875
2 0.643359 0.300000 0.025781 0.060417
2 0.733984 0.327604 0.021094 0.046875
2 0.837500 0.393750 0.018750 0.037500
1 0.146094 0.435417 0.014063 0.037500
1 0.559375 0.297917 0.028125 0.037500
0 0.530469 0.395833 0.003125 0.004167
0 0.612109 0.430729 0.005469 0.009375
2 0.643359 0.303646 0.008594 0.013542
2 0.733984 0.330208 0.007031 0.010417
2 0.837500 0.395833 0.006250 0.008333
1 0.146094 0.425000 0.004687 0.008333
1 0.559375 0.287500 0.009375 0.008333