0 0.522656 0.408333 0.009375 0.031250
0 0.601953 0.444271 0.011719 0.026042
2 0.628906 0.333333 0.018750 0.060417
2 0.711719 0.357812 0.023438 0.051042
2 0.808594 0.419271 0.018750 0.046875
1 0.159766 0.458854 0.025781 0.051042
1 0.550781 0.334896 0.028125 0.046875
0 0.522656 0.417708 0.003125 0.006250
0 0.601953 0.452604 0.003906 0.005208
2 0.628906 0.336979 0.006250 0.013542
2 0.711719 0.360938 0.007812 0.011458
2 0.808594 0.421875 0.006250 0.010417
1 0.159766 0.445312 0.008594 0.011458
1 0.550781 0.321875 0.009375 0.010417