0 0.532813 0.387500 0.009375 0.020833
0 0.618750 0.422917 0.009375 0.020833
2 0.652734 0.289583 0.025781 0.056250
2 0.749219 0.317188 0.023438 0.046875
2 0.859375 0.387500 0.018750 0.041667
1 0.128906 0.436979 0.023438 0.046875
1 0.563281 0.292708 0.032813 0.060417
0 0.532813 0.393750 0.003125 0.004167
0 0.618750 0.429167 0.003125 0.004167
2 0.652734 0.292708 0.008594 0.012500
2 0.749219 0.319792 0.007812 0.010417
2 0.859375 0.390104 0.006250 0.009375
1 0.128906 0.423958 0.007812 0.010417
1 0.563281 0.276562 0.010937 0.013542