0 0.532813 0.383333 0.009375 0.031250
0 0.621094 0.417187 0.014063 0.036458
2 0.662109 0.273438 0.025781 0.069792
2 0.766406 0.303646 0.023438 0.065625
2 0.888672 0.378125 0.016406 0.056250
1 0.101562 0.433333 0.018750 0.041667
1 0.564844 0.269792 0.032813 0.041667
0 0.532813 0.392708 0.003125 0.006250
0 0.621094 0.428646 0.004687 0.007292
2 0.662109 0.277604 0.008594 0.015625
2 0.766406 0.307292 0.007812 0.014583
2 0.888672 0.381250 0.005469 0.012500
1 0.101562 0.422396 0.006250 0.009375
1 0.564844 0.258854 0.010937 0.009375