0 0.533203 0.386979 0.011719 0.026042
0 0.620703 0.422396 0.011719 0.026042
2 0.659375 0.280208 0.028125 0.041667
2 0.761328 0.309896 0.025781 0.069792
2 0.878516 0.383854 0.021094 0.046875
1 0.111328 0.438021 0.025781 0.051042
1 0.565625 0.284375 0.037500 0.060417
0 0.533203 0.395313 0.003906 0.005208
0 0.620703 0.430729 0.003906 0.005208
2 0.659375 0.282813 0.009375 0.009375
2 0.761328 0.314063 0.008594 0.015625
2 0.878516 0.386458 0.007031 0.010417
1 0.111328 0.424479 0.008594 0.011458
1 0.565625 0.268229 0.012500 0.013542