0 0.525781 0.401562 0.009375 0.026042
0 0.606641 0.435417 0.011719 0.031250
2 0.635547 0.320833 0.021094 0.060417
2 0.721484 0.346875 0.021094 0.056250
2 0.820312 0.410417 0.018750 0.041667
1 0.153906 0.451562 0.023438 0.046875
1 0.553516 0.325000 0.025781 0.056250
0 0.525781 0.409896 0.003125 0.005208
0 0.606641 0.444792 0.003906 0.006250
2 0.635547 0.324479 0.007031 0.013542
2 0.721484 0.350000 0.007031 0.012500
2 0.820312 0.413021 0.006250 0.009375
1 0.153906 0.438542 0.007812 0.010417
1 0.553516 0.309375 0.008594 0.012500