0 0.606250 0.388021 0.009375 0.026042
0 0.664453 0.404167 0.011719 0.031250
0 0.731250 0.445312 0.009375 0.026042
0 0.902344 0.433333 0.014063 0.031250
0 0.530469 0.424479 0.009375 0.026042
0 0.596094 0.454688 0.009375 0.026042
0 0.269141 0.467708 0.011719 0.020833
0 0.553516 0.387500 0.011719 0.020833
0 0.606250 0.396354 0.003125 0.005208
0 0.664453 0.413542 0.003906 0.006250
0 0.731250 0.453646 0.003125 0.005208
0 0.902344 0.442708 0.004687 0.006250
0 0.530469 0.432812 0.003125 0.005208
0 0.596094 0.463021 0.003125 0.005208
0 0.269141 0.473958 0.003906 0.004167
0 0.553516 0.393750 0.003906 0.004167