0 0.526563 0.395313 0.009375 0.026042
0 0.607422 0.426563 0.016406 0.036458
2 0.635938 0.313542 0.023438 0.056250
2 0.723047 0.338542 0.021094 0.056250
2 0.823828 0.402083 0.016406 0.041667
1 0.152734 0.442188 0.016406 0.032292
1 0.554688 0.314063 0.028125 0.046875
0 0.526563 0.403646 0.003125 0.005208
0 0.607422 0.438021 0.005469 0.007292
2 0.635938 0.316667 0.007812 0.012500
2 0.723047 0.341667 0.007031 0.012500
2 0.823828 0.404687 0.005469 0.009375
1 0.152734 0.433854 0.005469 0.007292
1 0.554688 0.301042 0.009375 0.010417