0 0.526563 0.378646 0.009375 0.026042
0 0.620703 0.415625 0.011719 0.031250
1 0.675000 0.240625 0.018750 0.041667
1 0.796875 0.275000 0.018750 0.041667
1 0.937500 0.361458 0.018750 0.041667
1 0.039062 0.426563 0.028125 0.046875
1 0.562891 0.237500 0.035156 0.060417
0 0.526563 0.386979 0.003125 0.005208
0 0.620703 0.425000 0.003906 0.006250
1 0.675000 0.229687 0.006250 0.009375
1 0.796875 0.264062 0.006250 0.009375
1 0.937500 0.350521 0.006250 0.009375
1 0.039062 0.413542 0.009375 0.010417
1 0.562891 0.221354 0.011719 0.013542