0 0.520312 0.406771 0.009375 0.026042
0 0.591016 0.440625 0.011719 0.020833
2 0.607031 0.355729 0.018750 0.051042
2 0.674219 0.375521 0.018750 0.046875
2 0.751172 0.424479 0.016406 0.032292
2 0.220703 0.450521 0.016406 0.032292
2 0.544141 0.351562 0.021094 0.051042
0 0.520312 0.415104 0.003125 0.005208
0 0.591016 0.446875 0.003906 0.004167
2 0.607031 0.358854 0.006250 0.011458
2 0.674219 0.378125 0.006250 0.010417
2 0.751172 0.426563 0.005469 0.007292
2 0.220703 0.452604 0.005469 0.007292
2 0.544141 0.354687 0.007031 0.011458