0 0.603906 0.378125 0.014063 0.031250
0 0.665234 0.393750 0.016406 0.041667
0 0.735547 0.439063 0.016406 0.036458
0 0.935937 0.407813 0.032813 0.088542
0 0.522656 0.423958 0.009375 0.020833
0 0.590625 0.455208 0.009375 0.020833
0 0.246484 0.465625 0.011719 0.020833
0 0.546094 0.373437 0.014063 0.036458
0 0.603906 0.387500 0.004687 0.006250
0 0.665234 0.406250 0.005469 0.008333
0 0.735547 0.450521 0.005469 0.007292
0 0.935937 0.434896 0.010937 0.017708
0 0.522656 0.430208 0.003125 0.004167
0 0.590625 0.461458 0.003125 0.004167
0 0.246484 0.471875 0.003906 0.004167
0 0.546094 0.384896 0.004687 0.007292