0 0.518750 0.410417 0.009375 0.020833
0 0.589063 0.440104 0.009375 0.026042
2 0.602734 0.360938 0.021094 0.046875
2 0.667578 0.379688 0.016406 0.051042
2 0.741016 0.427083 0.016406 0.037500
2 0.230469 0.451042 0.018750 0.041667
2 0.542969 0.359375 0.018750 0.037500
0 0.518750 0.416667 0.003125 0.004167
0 0.589063 0.448437 0.003125 0.005208
2 0.602734 0.363542 0.007031 0.010417
2 0.667578 0.382812 0.005469 0.011458
2 0.741016 0.429167 0.005469 0.008333
2 0.230469 0.453646 0.006250 0.009375
2 0.542969 0.361458 0.006250 0.008333