0 0.523438 0.386979 0.009375 0.026042
0 0.618359 0.421354 0.016406 0.036458
1 0.676562 0.250521 0.032813 0.088542
1 0.801562 0.283333 0.032813 0.075000
1 0.946875 0.368750 0.028125 0.060417
1 0.021875 0.434896 0.028125 0.046875
1 0.560547 0.240104 0.039844 0.065625
0 0.523438 0.395313 0.003125 0.005208
0 0.618359 0.432812 0.005469 0.007292
1 0.676562 0.226562 0.010937 0.019792
1 0.801562 0.262500 0.010937 0.016667
1 0.946875 0.352604 0.009375 0.013542
1 0.021875 0.421875 0.009375 0.010417
1 0.560547 0.221875 0.013281 0.014583