0 0.604297 0.383333 0.016406 0.020833
0 0.665234 0.396875 0.016406 0.041667
0 0.735156 0.439583 0.014063 0.041667
0 0.929688 0.417187 0.032813 0.067708
0 0.524219 0.425000 0.009375 0.020833
0 0.592187 0.456250 0.009375 0.020833
0 0.250781 0.467708 0.009375 0.020833
0 0.548047 0.381771 0.016406 0.026042
0 0.604297 0.389583 0.005469 0.004167
0 0.665234 0.409375 0.005469 0.008333
0 0.735156 0.452083 0.004687 0.008333
0 0.929688 0.438021 0.010937 0.013542
0 0.524219 0.431250 0.003125 0.004167
0 0.592187 0.462500 0.003125 0.004167
0 0.250781 0.473958 0.003125 0.004167
0 0.548047 0.390104 0.005469 0.005208