0 0.606641 0.386979 0.011719 0.026042
0 0.664844 0.401042 0.014063 0.041667
0 0.732031 0.443229 0.014063 0.036458
0 0.905078 0.423958 0.030469 0.062500
0 0.529687 0.428125 0.009375 0.020833
0 0.595313 0.457292 0.009375 0.020833
0 0.267188 0.469792 0.009375 0.020833
0 0.552344 0.385417 0.014063 0.020833
0 0.606641 0.395313 0.003906 0.005208
0 0.664844 0.413542 0.004687 0.008333
0 0.732031 0.454688 0.004687 0.007292
0 0.905078 0.442708 0.010156 0.012500
0 0.529687 0.434375 0.003125 0.004167
0 0.595313 0.463542 0.003125 0.004167
0 0.267188 0.476042 0.003125 0.004167
0 0.552344 0.391667 0.004687 0.004167