0 0.605469 0.380208 0.018750 0.052083
0 0.664844 0.401042 0.014063 0.041667
0 0.732422 0.441667 0.011719 0.041667
0 0.906641 0.422396 0.030469 0.067708
0 0.529687 0.425521 0.009375 0.026042
0 0.595313 0.458333 0.009375 0.020833
0 0.265625 0.468750 0.009375 0.020833
0 0.552344 0.380208 0.018750 0.041667
0 0.605469 0.395833 0.006250 0.010417
0 0.664844 0.413542 0.004687 0.008333
0 0.732422 0.454167 0.003906 0.008333
0 0.906641 0.443229 0.010156 0.013542
0 0.529687 0.433854 0.003125 0.005208
0 0.595313 0.464583 0.003125 0.004167
0 0.265625 0.475000 0.003125 0.004167
0 0.552344 0.392708 0.006250 0.008333