0 0.520312 0.406771 0.009375 0.026042
0 0.591016 0.440625 0.011719 0.020833
2 0.606641 0.355729 0.021094 0.051042
2 0.674219 0.375521 0.018750 0.046875
2 0.751953 0.425521 0.016406 0.032292
2 0.218750 0.451562 0.023438 0.046875
2 0.544531 0.353125 0.023438 0.041667
0 0.520312 0.415104 0.003125 0.005208
0 0.591016 0.446875 0.003906 0.004167
2 0.606641 0.358854 0.007031 0.011458
2 0.674219 0.378125 0.006250 0.010417
2 0.751953 0.427604 0.005469 0.007292
2 0.218750 0.454167 0.007812 0.010417
2 0.544531 0.355729 0.007812 0.009375