0 0.605469 0.384375 0.014063 0.031250
0 0.665234 0.400000 0.016406 0.041667
0 0.734375 0.443229 0.014063 0.036458
0 0.920312 0.418750 0.028125 0.072917
0 0.526563 0.428125 0.009375 0.020833
0 0.592969 0.458333 0.009375 0.020833
0 0.257031 0.468750 0.009375 0.020833
0 0.549609 0.383333 0.016406 0.020833
0 0.605469 0.393750 0.004687 0.006250
0 0.665234 0.412500 0.005469 0.008333
0 0.734375 0.454688 0.004687 0.007292
0 0.920312 0.440625 0.009375 0.014583
0 0.526563 0.434375 0.003125 0.004167
0 0.592969 0.464583 0.003125 0.004167
0 0.257031 0.475000 0.003125 0.004167
0 0.549609 0.389583 0.005469 0.004167