0 0.519531 0.410417 0.009375 0.020833
0 0.591406 0.441146 0.009375 0.026042
2 0.608984 0.353125 0.021094 0.056250
2 0.677344 0.374479 0.018750 0.046875
2 0.757422 0.423958 0.016406 0.037500
2 0.211328 0.451042 0.030469 0.041667
2 0.544141 0.351042 0.025781 0.041667
0 0.519531 0.416667 0.003125 0.004167
0 0.591406 0.449479 0.003125 0.005208
2 0.608984 0.356250 0.007031 0.012500
2 0.677344 0.377083 0.006250 0.010417
2 0.757422 0.426042 0.005469 0.008333
2 0.211328 0.453646 0.010156 0.009375
2 0.544141 0.353646 0.008594 0.009375