0 0.523438 0.413021 0.009375 0.026042
0 0.603125 0.447917 0.009375 0.020833
2 0.629297 0.333854 0.021094 0.069792
2 0.714453 0.360417 0.021094 0.056250
2 0.812109 0.421354 0.016406 0.046875
1 0.158984 0.461458 0.021094 0.041667
1 0.550781 0.336979 0.028125 0.046875
0 0.523438 0.421354 0.003125 0.005208
0 0.603125 0.454167 0.003125 0.004167
2 0.629297 0.338021 0.007031 0.015625
2 0.714453 0.363542 0.007031 0.012500
2 0.812109 0.423958 0.005469 0.010417
1 0.158984 0.450521 0.007031 0.009375
1 0.550781 0.323958 0.009375 0.010417