0 0.532813 0.385417 0.009375 0.031250
0 0.617578 0.421354 0.011719 0.026042
2 0.653516 0.290104 0.021094 0.065625
2 0.747656 0.318229 0.023438 0.065625
2 0.856250 0.388542 0.018750 0.041667
1 0.131641 0.435417 0.021094 0.041667
1 0.563281 0.294792 0.032813 0.056250
0 0.532813 0.394792 0.003125 0.006250
0 0.617578 0.429688 0.003906 0.005208
2 0.653516 0.293750 0.007031 0.014583
2 0.747656 0.321875 0.007812 0.014583
2 0.856250 0.391146 0.006250 0.009375
1 0.131641 0.424479 0.007031 0.009375
1 0.563281 0.279167 0.010937 0.012500