0 0.604297 0.377604 0.021094 0.046875
0 0.665234 0.397917 0.016406 0.041667
0 0.734375 0.442188 0.018750 0.036458
0 0.923047 0.422396 0.030469 0.057292
0 0.525781 0.426042 0.009375 0.020833
0 0.592969 0.454688 0.009375 0.026042
0 0.255078 0.467708 0.011719 0.020833
0 0.548828 0.377604 0.021094 0.036458
0 0.604297 0.392188 0.007031 0.009375
0 0.665234 0.410417 0.005469 0.008333
0 0.734375 0.453646 0.006250 0.007292
0 0.923047 0.440104 0.010156 0.011458
0 0.525781 0.432292 0.003125 0.004167
0 0.592969 0.463021 0.003125 0.005208
0 0.255078 0.473958 0.003906 0.004167
0 0.548828 0.389062 0.007031 0.007292