0 0.533203 0.389583 0.011719 0.020833
0 0.618750 0.422917 0.009375 0.020833
2 0.653516 0.289062 0.025781 0.065625
2 0.752734 0.316146 0.021094 0.069792
2 0.862891 0.386979 0.021094 0.051042
1 0.126562 0.435417 0.018750 0.037500
1 0.564063 0.285417 0.028125 0.037500
0 0.533203 0.395833 0.003906 0.004167
0 0.618750 0.429167 0.003125 0.004167
2 0.653516 0.292708 0.008594 0.014583
2 0.752734 0.320312 0.007031 0.015625
2 0.862891 0.390104 0.007031 0.011458
1 0.126562 0.425000 0.006250 0.008333
1 0.564063 0.275000 0.009375 0.008333