0 0.520312 0.419792 0.009375 0.020833
0 0.589063 0.451042 0.009375 0.020833
2 0.603516 0.372917 0.016406 0.041667
2 0.666406 0.391146 0.014063 0.046875
2 0.737109 0.435417 0.016406 0.041667
2 0.239063 0.460417 0.014063 0.037500
2 0.544531 0.371875 0.014063 0.022917
0 0.520312 0.426042 0.003125 0.004167
0 0.589063 0.457292 0.003125 0.004167
2 0.603516 0.375521 0.005469 0.009375
2 0.666406 0.393750 0.004687 0.010417
2 0.737109 0.438021 0.005469 0.009375
2 0.239063 0.462500 0.004687 0.008333
2 0.544531 0.373437 0.004687 0.005208