0 0.521875 0.420833 0.009375 0.020833
0 0.589844 0.450521 0.009375 0.026042
2 0.603516 0.375000 0.016406 0.022917
2 0.665234 0.394271 0.011719 0.032292
2 0.737109 0.439063 0.011719 0.032292
2 0.241406 0.463542 0.009375 0.018750
2 0.545312 0.374479 0.014063 0.028125
0 0.521875 0.427083 0.003125 0.004167
0 0.589844 0.458854 0.003125 0.005208
2 0.603516 0.376563 0.005469 0.005208
2 0.665234 0.396354 0.003906 0.007292
2 0.737109 0.441146 0.003906 0.007292
2 0.241406 0.464583 0.003125 0.004167
2 0.545312 0.376042 0.004687 0.006250