0 0.530469 0.393229 0.009375 0.026042
0 0.614062 0.425521 0.009375 0.036458
2 0.644141 0.305208 0.025781 0.060417
2 0.735938 0.332292 0.018750 0.056250
2 0.840625 0.397917 0.018750 0.041667
1 0.143750 0.443229 0.018750 0.046875
1 0.560156 0.309375 0.032813 0.056250
0 0.530469 0.401562 0.003125 0.005208
0 0.614062 0.436979 0.003125 0.007292
2 0.644141 0.308854 0.008594 0.013542
2 0.735938 0.335417 0.006250 0.012500
2 0.840625 0.400521 0.006250 0.009375
1 0.143750 0.430208 0.006250 0.010417
1 0.560156 0.293750 0.010937 0.012500