0 0.531641 0.382812 0.011719 0.026042
0 0.621094 0.417708 0.014063 0.031250
2 0.664062 0.266146 0.028125 0.069792
2 0.771484 0.297396 0.025781 0.065625
2 0.896875 0.373958 0.018750 0.056250
1 0.091016 0.434896 0.021094 0.051042
1 0.564063 0.268750 0.037500 0.060417
0 0.531641 0.391146 0.003906 0.005208
0 0.621094 0.427083 0.004687 0.006250
2 0.664062 0.270313 0.009375 0.015625
2 0.771484 0.301042 0.008594 0.014583
2 0.896875 0.377083 0.006250 0.012500
1 0.091016 0.421354 0.007031 0.011458
1 0.564063 0.252604 0.012500 0.013542