0 0.519531 0.410417 0.009375 0.020833
0 0.591406 0.441146 0.009375 0.026042
2 0.608203 0.353646 0.021094 0.051042
2 0.677734 0.373437 0.016406 0.051042
2 0.755469 0.424479 0.014063 0.028125
2 0.213281 0.454688 0.014063 0.032292
2 0.544141 0.353646 0.016406 0.028125
0 0.519531 0.416667 0.003125 0.004167
0 0.591406 0.449479 0.003125 0.005208
2 0.608203 0.356771 0.007031 0.011458
2 0.677734 0.376563 0.005469 0.011458
2 0.755469 0.426042 0.004687 0.006250
2 0.213281 0.456771 0.004687 0.007292
2 0.544141 0.355208 0.005469 0.006250