0 0.528516 0.382292 0.011719 0.020833
0 0.621094 0.415104 0.014063 0.036458
2 0.671484 0.250000 0.030469 0.075000
2 0.788672 0.281771 0.025781 0.069792
2 0.923438 0.365625 0.023438 0.056250
1 0.057813 0.433854 0.028125 0.051042
1 0.564063 0.246354 0.037500 0.051042
0 0.528516 0.388542 0.003906 0.004167
0 0.621094 0.426563 0.004687 0.007292
2 0.671484 0.254167 0.010156 0.016667
2 0.788672 0.285938 0.008594 0.015625
2 0.923438 0.368750 0.007812 0.012500
1 0.057813 0.420312 0.009375 0.011458
1 0.564063 0.232813 0.012500 0.011458