0 0.520312 0.409375 0.009375 0.020833
0 0.599609 0.440625 0.011719 0.031250
2 0.624219 0.334375 0.023438 0.056250
2 0.706250 0.356250 0.028125 0.060417
2 0.800000 0.418750 0.018750 0.037500
2 0.166016 0.449479 0.016406 0.032292
2 0.548047 0.330729 0.025781 0.032292
0 0.520312 0.415625 0.003125 0.004167
0 0.599609 0.450000 0.003906 0.006250
2 0.624219 0.337500 0.007812 0.012500
2 0.706250 0.359896 0.009375 0.013542
2 0.800000 0.420833 0.006250 0.008333
2 0.166016 0.451562 0.005469 0.007292
2 0.548047 0.332813 0.008594 0.007292