0 0.528125 0.379167 0.009375 0.031250
0 0.621094 0.415625 0.014063 0.031250
2 0.674219 0.244271 0.028125 0.084375
2 0.792188 0.278646 0.028125 0.069792
2 0.928906 0.363542 0.023438 0.056250
1 0.050000 0.430729 0.028125 0.051042
1 0.563281 0.250000 0.042188 0.075000
0 0.528125 0.388542 0.003125 0.006250
0 0.621094 0.425000 0.004687 0.006250
2 0.674219 0.248958 0.009375 0.018750
2 0.792188 0.282813 0.009375 0.015625
2 0.928906 0.366667 0.007812 0.012500
1 0.050000 0.417187 0.009375 0.011458
1 0.563281 0.229167 0.014063 0.016667