0 0.519531 0.405208 0.009375 0.020833
0 0.597266 0.435417 0.011719 0.031250
2 0.621484 0.332292 0.021094 0.060417
2 0.698828 0.354687 0.030469 0.065625
2 0.791797 0.414583 0.016406 0.041667
2 0.173828 0.446354 0.016406 0.032292
2 0.548438 0.328646 0.037500 0.051042
0 0.519531 0.411458 0.003125 0.004167
0 0.597266 0.444792 0.003906 0.006250
2 0.621484 0.335938 0.007031 0.013542
2 0.698828 0.358333 0.010156 0.014583
2 0.791797 0.417187 0.005469 0.009375
2 0.173828 0.448437 0.005469 0.007292
2 0.548438 0.331771 0.012500 0.011458