0 0.527734 0.375521 0.011719 0.036458
0 0.621094 0.413021 0.014063 0.036458
2 0.675391 0.241667 0.025781 0.075000
2 0.794922 0.276042 0.025781 0.075000
2 0.933984 0.361458 0.016406 0.056250
1 0.050000 0.430729 0.028125 0.051042
1 0.563281 0.250000 0.042188 0.075000
0 0.527734 0.386979 0.003906 0.007292
0 0.621094 0.424479 0.004687 0.007292
2 0.675391 0.245833 0.008594 0.016667
2 0.794922 0.280208 0.008594 0.016667
2 0.933984 0.364583 0.005469 0.012500
1 0.050000 0.417187 0.009375 0.011458
1 0.563281 0.229167 0.014063 0.016667