0 0.530078 0.384896 0.011719 0.026042
0 0.621094 0.419792 0.014063 0.031250
2 0.667188 0.261979 0.028125 0.065625
2 0.779297 0.293229 0.025781 0.065625
2 0.907422 0.372396 0.021094 0.051042
1 0.076172 0.438021 0.021094 0.051042
1 0.564063 0.259896 0.037500 0.051042
0 0.530078 0.393229 0.003906 0.005208
0 0.621094 0.429167 0.004687 0.006250
2 0.667188 0.265625 0.009375 0.014583
2 0.779297 0.296875 0.008594 0.014583
2 0.907422 0.375521 0.007031 0.011458
1 0.076172 0.424479 0.007031 0.011458
1 0.564063 0.246354 0.012500 0.011458