0 0.518750 0.408333 0.009375 0.020833
0 0.589453 0.434896 0.016406 0.036458
2 0.605078 0.355208 0.025781 0.056250
2 0.670703 0.376042 0.016406 0.041667
2 0.746875 0.422917 0.014063 0.041667
2 0.224609 0.450521 0.011719 0.028125
2 0.543359 0.354687 0.016406 0.032292
0 0.518750 0.414583 0.003125 0.004167
0 0.589453 0.446354 0.005469 0.007292
2 0.605078 0.358333 0.008594 0.012500
2 0.670703 0.378646 0.005469 0.009375
2 0.746875 0.425521 0.004687 0.009375
2 0.224609 0.452083 0.003906 0.006250
2 0.543359 0.356771 0.005469 0.007292