0 0.533203 0.389062 0.011719 0.026042
0 0.620313 0.425000 0.009375 0.020833
2 0.657813 0.283854 0.028125 0.069792
2 0.760156 0.313021 0.023438 0.069792
2 0.875391 0.385937 0.021094 0.051042
1 0.114453 0.437500 0.021094 0.037500
1 0.564844 0.282813 0.028125 0.046875
0 0.533203 0.397396 0.003906 0.005208
0 0.620313 0.431250 0.003125 0.004167
2 0.657813 0.288021 0.009375 0.015625
2 0.760156 0.317188 0.007812 0.015625
2 0.875391 0.389062 0.007031 0.011458
1 0.114453 0.427083 0.007031 0.008333
1 0.564844 0.269792 0.009375 0.010417