0 0.523438 0.414583 0.009375 0.020833
0 0.604297 0.448437 0.011719 0.026042
2 0.630859 0.335938 0.021094 0.046875
2 0.716016 0.360938 0.021094 0.051042
2 0.814063 0.420833 0.028125 0.056250
1 0.157422 0.466146 0.021094 0.046875
1 0.552344 0.340625 0.032813 0.056250
0 0.523438 0.420833 0.003125 0.004167
0 0.604297 0.456771 0.003906 0.005208
2 0.630859 0.338542 0.007031 0.010417
2 0.716016 0.364063 0.007031 0.011458
2 0.814063 0.423958 0.009375 0.012500
1 0.157422 0.453125 0.007031 0.010417
1 0.552344 0.325000 0.010937 0.012500