0 0.528125 0.383333 0.009375 0.020833
0 0.621094 0.415104 0.014063 0.036458
2 0.672656 0.247917 0.028125 0.075000
2 0.790625 0.279687 0.028125 0.069792
2 0.926172 0.364063 0.021094 0.051042
1 0.053906 0.432812 0.023438 0.046875
1 0.562891 0.245833 0.035156 0.056250
0 0.528125 0.389583 0.003125 0.004167
0 0.621094 0.426563 0.004687 0.007292
2 0.672656 0.252083 0.009375 0.016667
2 0.790625 0.283854 0.009375 0.015625
2 0.926172 0.367188 0.007031 0.011458
1 0.053906 0.419792 0.007812 0.010417
1 0.562891 0.230208 0.011719 0.012500