0 0.605469 0.380729 0.018750 0.046875
0 0.665234 0.398438 0.016406 0.046875
0 0.733984 0.443750 0.011719 0.041667
0 0.917188 0.423958 0.028125 0.062500
0 0.593750 0.459375 0.009375 0.020833
0 0.258594 0.469792 0.009375 0.020833
0 0.550781 0.383333 0.014063 0.031250
0 0.605469 0.395313 0.006250 0.009375
0 0.665234 0.413021 0.005469 0.009375
0 0.733984 0.456250 0.003906 0.008333
0 0.917188 0.442708 0.009375 0.012500
0 0.526953 0.434896 0.002344 0.005208
0 0.593750 0.465625 0.003125 0.004167
0 0.258594 0.476042 0.003125 0.004167
0 0.550781 0.392708 0.004687 0.006250