0 0.603516 0.375000 0.021094 0.052083
0 0.665234 0.394271 0.016406 0.046875
0 0.735547 0.439583 0.016406 0.041667
0 0.931250 0.414062 0.037500 0.078125
0 0.524219 0.425000 0.009375 0.020833
0 0.591406 0.454688 0.009375 0.026042
0 0.249219 0.465104 0.009375 0.026042
0 0.548047 0.378646 0.016406 0.026042
0 0.603516 0.390625 0.007031 0.010417
0 0.665234 0.408854 0.005469 0.009375
0 0.735547 0.452083 0.005469 0.008333
0 0.931250 0.438021 0.012500 0.015625
0 0.524219 0.431250 0.003125 0.004167
0 0.591406 0.463021 0.003125 0.005208
0 0.249219 0.473438 0.003125 0.005208
0 0.548047 0.386979 0.005469 0.005208