0 0.518750 0.408333 0.009375 0.020833
0 0.589063 0.439583 0.009375 0.020833
2 0.604297 0.356771 0.021094 0.046875
2 0.670703 0.375521 0.016406 0.051042
2 0.746484 0.423958 0.011719 0.037500
2 0.226172 0.451042 0.011719 0.022917
2 0.543359 0.355729 0.016406 0.028125
0 0.518750 0.414583 0.003125 0.004167
0 0.589063 0.445833 0.003125 0.004167
2 0.604297 0.359375 0.007031 0.010417
2 0.670703 0.378646 0.005469 0.011458
2 0.746484 0.426042 0.003906 0.008333
2 0.226172 0.452604 0.003906 0.005208
2 0.543359 0.357292 0.005469 0.006250