0 0.520312 0.417708 0.009375 0.020833
0 0.589063 0.447917 0.009375 0.020833
2 0.602734 0.371354 0.021094 0.046875
2 0.666016 0.389062 0.016406 0.028125
2 0.737500 0.434375 0.023438 0.056250
2 0.238281 0.458854 0.014063 0.032292
2 0.544141 0.369271 0.016406 0.032292
0 0.520312 0.423958 0.003125 0.004167
0 0.589063 0.454167 0.003125 0.004167
2 0.602734 0.373958 0.007031 0.010417
2 0.666016 0.390625 0.005469 0.006250
2 0.737500 0.437500 0.007812 0.012500
2 0.238281 0.460938 0.004687 0.007292
2 0.544141 0.371354 0.005469 0.007292