0 0.603906 0.380729 0.014063 0.036458
0 0.665234 0.400000 0.016406 0.031250
0 0.734766 0.434896 0.021094 0.057292
0 0.926562 0.413542 0.037500 0.083333
0 0.592187 0.457292 0.009375 0.020833
0 0.253125 0.466667 0.009375 0.020833
0 0.548828 0.381250 0.011719 0.031250
0 0.603906 0.392188 0.004687 0.007292
0 0.665234 0.409375 0.005469 0.006250
0 0.734766 0.452604 0.007031 0.011458
0 0.926562 0.438542 0.012500 0.016667
0 0.525391 0.432292 0.002344 0.004167
0 0.592187 0.463542 0.003125 0.004167
0 0.253125 0.472917 0.003125 0.004167
0 0.548828 0.390625 0.003906 0.006250