0 0.521484 0.387500 0.011719 0.031250
0 0.617969 0.423438 0.014063 0.036458
1 0.679688 0.248438 0.032813 0.088542
1 0.808594 0.283333 0.028125 0.075000
1 0.956641 0.373437 0.035156 0.069792
1 0.013281 0.434375 0.026562 0.056250
1 0.560156 0.240625 0.037500 0.079167
0 0.521484 0.396875 0.003906 0.006250
0 0.617969 0.434896 0.004687 0.007292
1 0.679688 0.224479 0.010937 0.019792
1 0.808594 0.262500 0.009375 0.016667
1 0.956641 0.354687 0.011719 0.015625
1 0.010156 0.418750 0.010937 0.012500
1 0.560156 0.219271 0.012500 0.017708