0 0.605469 0.380208 0.018750 0.052083
0 0.665234 0.398438 0.016406 0.046875
0 0.732812 0.442708 0.018750 0.041667
0 0.913672 0.420312 0.030469 0.067708
0 0.528125 0.428125 0.009375 0.020833
0 0.594531 0.456771 0.009375 0.026042
0 0.261719 0.467187 0.014063 0.026042
0 0.551172 0.381771 0.016406 0.036458
0 0.605469 0.395833 0.006250 0.010417
0 0.665234 0.413021 0.005469 0.009375
0 0.732812 0.455208 0.006250 0.008333
0 0.913672 0.441146 0.010156 0.013542
0 0.528125 0.434375 0.003125 0.004167
0 0.594531 0.465104 0.003125 0.005208
0 0.261719 0.475521 0.004687 0.005208
0 0.551172 0.393229 0.005469 0.007292