0 0.521875 0.408333 0.009375 0.020833
0 0.600391 0.440625 0.011719 0.031250
2 0.626953 0.332813 0.025781 0.065625
2 0.708594 0.357292 0.023438 0.060417
2 0.804297 0.417187 0.016406 0.046875
2 0.164844 0.447396 0.023438 0.051042
2 0.550000 0.328646 0.023438 0.028125
0 0.521875 0.414583 0.003125 0.004167
0 0.600391 0.450000 0.003906 0.006250
2 0.626953 0.336458 0.008594 0.014583
2 0.708594 0.360938 0.007812 0.013542
2 0.804297 0.419792 0.005469 0.010417
2 0.164844 0.450521 0.007812 0.011458
2 0.550000 0.330208 0.007812 0.006250