0 0.532813 0.389583 0.009375 0.020833
0 0.617188 0.422917 0.009375 0.020833
2 0.650391 0.292187 0.025781 0.046875
2 0.746484 0.320312 0.016406 0.065625
2 0.854688 0.388021 0.018750 0.051042
1 0.133594 0.438021 0.023438 0.051042
1 0.563281 0.296875 0.032813 0.056250
0 0.532813 0.395833 0.003125 0.004167
0 0.617188 0.429167 0.003125 0.004167
2 0.650391 0.294792 0.008594 0.010417
2 0.746484 0.323958 0.005469 0.014583
2 0.854688 0.391146 0.006250 0.011458
1 0.133594 0.424479 0.007812 0.011458
1 0.563281 0.281250 0.010937 0.012500