0 0.519531 0.410417 0.009375 0.020833
0 0.590625 0.439063 0.009375 0.026042
2 0.606641 0.356771 0.021094 0.046875
2 0.674219 0.376563 0.014063 0.046875
2 0.750391 0.425000 0.016406 0.037500
2 0.221484 0.450521 0.021094 0.046875
2 0.544141 0.354687 0.021094 0.032292
0 0.519531 0.416667 0.003125 0.004167
0 0.590625 0.447396 0.003125 0.005208
2 0.606641 0.359375 0.007031 0.010417
2 0.674219 0.379167 0.004687 0.010417
2 0.750391 0.427083 0.005469 0.008333
2 0.221484 0.453125 0.007031 0.010417
2 0.544141 0.356771 0.007031 0.007292