0 0.533594 0.389062 0.009375 0.026042
0 0.619922 0.421354 0.011719 0.036458
2 0.656250 0.288021 0.028125 0.065625
2 0.755859 0.316146 0.021094 0.065625
2 0.870313 0.386979 0.018750 0.051042
1 0.120703 0.439063 0.021094 0.046875
1 0.564453 0.290625 0.030469 0.056250
0 0.533594 0.397396 0.003125 0.005208
0 0.619922 0.432812 0.003906 0.007292
2 0.656250 0.291667 0.009375 0.014583
2 0.755859 0.319792 0.007031 0.014583
2 0.870313 0.390104 0.006250 0.011458
1 0.120703 0.426042 0.007031 0.010417
1 0.564453 0.275000 0.010156 0.012500