0 0.607031 0.387500 0.014063 0.031250
0 0.664844 0.402083 0.014063 0.031250
0 0.731641 0.438021 0.021094 0.046875
0 0.903125 0.422917 0.028125 0.062500
0 0.530469 0.427083 0.009375 0.020833
0 0.596094 0.457292 0.009375 0.020833
0 0.267969 0.468750 0.009375 0.020833
0 0.553516 0.383333 0.016406 0.031250
0 0.607031 0.396875 0.004687 0.006250
0 0.664844 0.411458 0.004687 0.006250
0 0.731641 0.452604 0.007031 0.009375
0 0.903125 0.441667 0.009375 0.012500
0 0.530469 0.433333 0.003125 0.004167
0 0.596094 0.463542 0.003125 0.004167
0 0.267969 0.475000 0.003125 0.004167
0 0.553516 0.392708 0.005469 0.006250