0 0.521875 0.389062 0.009375 0.026042
0 0.617578 0.427604 0.011719 0.026042
1 0.678125 0.249479 0.032813 0.084375
1 0.804688 0.277083 0.018750 0.041667
1 0.954297 0.372917 0.021094 0.056250
1 0.014063 0.436458 0.028125 0.056250
1 0.559766 0.235417 0.035156 0.060417
0 0.521875 0.397396 0.003125 0.005208
0 0.617578 0.435937 0.003906 0.005208
1 0.678125 0.226042 0.010937 0.018750
1 0.804688 0.266146 0.006250 0.009375
1 0.954297 0.357292 0.007031 0.012500
1 0.014063 0.420833 0.009375 0.012500
1 0.559766 0.219271 0.011719 0.013542