0 0.230469 0.338021 0.010937 0.040625
0 0.551953 0.288021 0.016406 0.028125
0 0.606641 0.295833 0.014844 0.031250
0 0.732031 0.356771 0.012500 0.021875
0 0.575000 0.363021 0.007812 0.015625
0 0.596484 0.364583 0.005469 0.012500
0 0.634766 0.383333 0.005469 0.012500
0 0.231250 0.345313 0.006250 0.013542
0 0.553125 0.293229 0.009375 0.009375
0 0.608203 0.301042 0.008594 0.010417
0 0.733203 0.360938 0.007031 0.007292
0 0.575781 0.366146 0.004687 0.005208
0 0.596875 0.366667 0.003125 0.004167
0 0.635156 0.385417 0.003125 0.004167