0 0.448047 0.364583 0.007031 0.018750
0 0.607031 0.327604 0.009375 0.021875
0 0.659375 0.366146 0.009375 0.028125
1 0.687891 0.240104 0.024219 0.069792
1 0.841016 0.332813 0.016406 0.053125
1 0.184766 0.313021 0.007031 0.021875
1 0.587891 0.228646 0.016406 0.036458
0 0.448828 0.367708 0.003906 0.006250
0 0.608203 0.331771 0.005469 0.007292
0 0.660547 0.371354 0.005469 0.009375
1 0.688672 0.225521 0.016406 0.026042
1 0.841406 0.321354 0.010937 0.019792
1 0.185156 0.308333 0.004687 0.008333
1 0.588281 0.221354 0.010937 0.013542