0 0.072266 0.328646 0.014844 0.053125
0 0.450391 0.272917 0.017969 0.043750
0 0.515234 0.282292 0.019531 0.037500
0 0.660937 0.353125 0.014063 0.031250
2 0.512109 0.365104 0.010156 0.026042
2 0.533984 0.365104 0.010156 0.026042
2 0.573828 0.385937 0.007031 0.015625
0 0.073828 0.338021 0.008594 0.017708
0 0.451953 0.280208 0.010156 0.014583
0 0.516406 0.288542 0.010937 0.012500
0 0.661719 0.358333 0.007812 0.010417
2 0.512891 0.365625 0.007031 0.010417
2 0.534766 0.365625 0.007031 0.010417
2 0.574219 0.386458 0.004687 0.006250