0 0.100391 0.310417 0.016406 0.056250
0 0.524609 0.247917 0.019531 0.037500
0 0.596484 0.257812 0.019531 0.040625
0 0.760156 0.336979 0.021875 0.040625
0 0.548438 0.354167 0.007812 0.018750
0 0.570312 0.355208 0.007812 0.018750
0 0.612109 0.376042 0.007031 0.012500
0 0.101562 0.319792 0.009375 0.018750
0 0.525781 0.254167 0.010937 0.012500
0 0.597656 0.265104 0.010937 0.013542
0 0.761719 0.344271 0.012500 0.013542
0 0.549219 0.357292 0.004687 0.006250
0 0.571094 0.358333 0.004687 0.006250
0 0.612891 0.378125 0.003906 0.004167