0 0.153516 0.326042 0.016406 0.050000
0 0.535547 0.271875 0.017969 0.037500
0 0.600391 0.281250 0.017969 0.037500
0 0.748047 0.354687 0.014844 0.046875
0 0.558203 0.365625 0.007031 0.018750
0 0.580859 0.366667 0.005469 0.018750
0 0.620703 0.385937 0.005469 0.015625
0 0.154688 0.334375 0.009375 0.016667
0 0.537109 0.278125 0.010156 0.012500
0 0.601953 0.287500 0.010156 0.012500
0 0.749609 0.363021 0.008594 0.015625
0 0.558984 0.368750 0.003906 0.006250
0 0.581250 0.369792 0.003125 0.006250
0 0.621094 0.389062 0.003125 0.005208