0 0.234375 0.338542 0.012500 0.037500
0 0.552734 0.288021 0.014844 0.028125
0 0.607422 0.295833 0.014844 0.025000
0 0.732031 0.356250 0.010937 0.031250
0 0.576172 0.362500 0.007031 0.012500
0 0.596484 0.362500 0.007031 0.012500
0 0.635547 0.381771 0.005469 0.015625
0 0.235547 0.344792 0.007031 0.012500
0 0.554297 0.293229 0.008594 0.009375
0 0.608984 0.300000 0.008594 0.008333
0 0.732812 0.361458 0.006250 0.010417
0 0.576953 0.364583 0.003906 0.004167
0 0.597266 0.364583 0.003906 0.004167
0 0.635938 0.384896 0.003125 0.005208