0 0.285156 0.352604 0.010937 0.034375
0 0.555469 0.308854 0.012500 0.028125
0 0.601562 0.315625 0.014063 0.037500
0 0.705469 0.366667 0.012500 0.031250
0 0.579297 0.368750 0.007031 0.018750
0 0.599609 0.368750 0.005469 0.012500
0 0.635547 0.385937 0.005469 0.015625
0 0.285938 0.358854 0.006250 0.011458
0 0.556641 0.314063 0.007031 0.009375
0 0.602344 0.321875 0.007812 0.012500
0 0.706641 0.371875 0.007031 0.010417
0 0.580078 0.371875 0.003906 0.006250
0 0.600000 0.370833 0.003125 0.004167
0 0.635938 0.389062 0.003125 0.005208