0 0.426172 0.365104 0.007031 0.015625
0 0.589844 0.328646 0.010937 0.021875
0 0.643750 0.368750 0.007812 0.018750
1 0.680078 0.229167 0.025781 0.072917
1 0.845313 0.330729 0.018750 0.053125
1 0.130078 0.304688 0.010156 0.028125
1 0.572656 0.216146 0.017188 0.036458
0 0.426953 0.368229 0.003906 0.005208
0 0.590625 0.332813 0.006250 0.007292
0 0.644531 0.371875 0.004687 0.006250
1 0.680469 0.213542 0.017188 0.027083
1 0.845313 0.319271 0.012500 0.019792
1 0.130859 0.298958 0.007031 0.010417
1 0.573047 0.208854 0.011719 0.013542