0 0.106641 0.303646 0.016406 0.053125
0 0.526172 0.242188 0.019531 0.040625
0 0.597266 0.252604 0.019531 0.040625
0 0.759375 0.333333 0.014063 0.043750
0 0.550000 0.346354 0.007812 0.015625
0 0.571875 0.347917 0.007812 0.018750
0 0.613672 0.368750 0.005469 0.018750
0 0.107813 0.313021 0.009375 0.017708
0 0.527344 0.249479 0.010937 0.013542
0 0.598437 0.259896 0.010937 0.013542
0 0.760156 0.340625 0.007812 0.014583
0 0.550781 0.349479 0.004687 0.005208
0 0.572656 0.351042 0.004687 0.006250
0 0.614062 0.371875 0.003125 0.006250