0 0.068750 0.329167 0.014063 0.050000
0 0.449609 0.270833 0.017969 0.043750
0 0.515234 0.279687 0.019531 0.034375
0 0.662500 0.352604 0.014063 0.034375
2 0.512891 0.364063 0.016406 0.036458
2 0.534375 0.363542 0.007812 0.022917
2 0.573828 0.385417 0.005469 0.012500
0 0.069531 0.337500 0.007812 0.016667
0 0.451172 0.278125 0.010156 0.014583
0 0.516406 0.285938 0.010937 0.011458
0 0.663281 0.358854 0.007812 0.011458
2 0.513281 0.365625 0.010937 0.014583
2 0.534766 0.365104 0.005469 0.009375
2 0.574609 0.385937 0.003906 0.005208