0 0.269531 0.336979 0.009375 0.034375
0 0.557422 0.289062 0.014844 0.028125
0 0.607812 0.295833 0.014063 0.037500
0 0.719531 0.349479 0.012500 0.034375
0 0.582422 0.353646 0.005469 0.015625
0 0.602734 0.354167 0.005469 0.018750
0 0.639453 0.370833 0.005469 0.012500
0 0.270703 0.343229 0.005469 0.011458
0 0.558984 0.294271 0.008594 0.009375
0 0.608594 0.302083 0.007812 0.012500
0 0.720703 0.355729 0.007031 0.011458
0 0.582812 0.356771 0.003125 0.005208
0 0.603125 0.357292 0.003125 0.006250
0 0.639844 0.372917 0.003125 0.004167