0 0.401953 0.359375 0.007031 0.018750
0 0.571094 0.322917 0.010937 0.018750
0 0.626563 0.363542 0.007812 0.025000
1 0.675000 0.207292 0.028125 0.081250
1 0.856250 0.319271 0.017188 0.053125
1 0.057813 0.288021 0.014063 0.038542
1 0.555469 0.196875 0.018750 0.050000
0 0.402734 0.362500 0.003906 0.006250
0 0.571875 0.326042 0.006250 0.006250
0 0.627344 0.367708 0.004687 0.008333
1 0.675000 0.190104 0.018750 0.030208
1 0.856641 0.307812 0.011719 0.019792
1 0.057813 0.280208 0.009375 0.014583
1 0.555469 0.186458 0.012500 0.018750