0 0.305469 0.338021 0.007812 0.028125
0 0.556250 0.301563 0.014063 0.028125
0 0.598047 0.306250 0.016406 0.043750
0 0.694141 0.356250 0.014844 0.037500
0 0.579688 0.354687 0.007812 0.015625
0 0.599219 0.354167 0.010937 0.025000
0 0.633984 0.374479 0.005469 0.015625
0 0.306250 0.343229 0.004687 0.009375
0 0.557031 0.306771 0.007812 0.009375
0 0.599219 0.313542 0.009375 0.014583
0 0.695703 0.362500 0.008594 0.012500
0 0.580469 0.357812 0.004687 0.005208
0 0.600000 0.358333 0.006250 0.008333
0 0.634375 0.377604 0.003125 0.005208