0 0.394922 0.360417 0.005469 0.018750
0 0.566406 0.322917 0.010937 0.018750
0 0.622656 0.363021 0.009375 0.028125
1 0.676562 0.197917 0.028125 0.081250
1 0.866016 0.316146 0.016406 0.053125
1 0.025000 0.281771 0.014063 0.038542
1 0.550781 0.185938 0.018750 0.046875
0 0.395313 0.363542 0.003125 0.006250
0 0.567187 0.326042 0.006250 0.006250
0 0.623828 0.368229 0.005469 0.009375
1 0.676562 0.180729 0.018750 0.030208
1 0.866406 0.304688 0.010937 0.019792
1 0.025000 0.273958 0.009375 0.014583
1 0.550781 0.176563 0.012500 0.017708