0 0.008203 0.308333 0.016406 0.056250
0 0.443359 0.243750 0.019531 0.050000
0 0.516797 0.254688 0.021094 0.034375
0 0.684766 0.337500 0.014844 0.037500
2 0.516016 0.353646 0.014844 0.028125
2 0.539062 0.355208 0.012500 0.033333
2 0.580078 0.376042 0.005469 0.020833
0 0.009375 0.317708 0.009375 0.018750
0 0.444531 0.252083 0.010937 0.016667
0 0.518359 0.260937 0.011719 0.011458
0 0.686328 0.343750 0.008594 0.012500
2 0.516797 0.354687 0.010156 0.011458
2 0.539453 0.356771 0.008594 0.013542
2 0.580859 0.377083 0.003906 0.008333