0 0.062891 0.327604 0.014844 0.053125
0 0.449609 0.268750 0.019531 0.043750
0 0.515234 0.276562 0.019531 0.040625
0 0.664062 0.350521 0.014063 0.034375
2 0.512500 0.362500 0.007812 0.022917
2 0.534375 0.363021 0.012500 0.028125
2 0.574609 0.382292 0.005469 0.010417
0 0.064453 0.336979 0.008594 0.017708
0 0.450781 0.276042 0.010937 0.014583
0 0.516406 0.283854 0.010937 0.013542
0 0.664844 0.356771 0.007812 0.011458
2 0.512891 0.364063 0.005469 0.009375
2 0.534766 0.364063 0.008594 0.011458
2 0.575391 0.383333 0.003906 0.004167