0 0.252344 0.333333 0.010937 0.037500
0 0.557422 0.283333 0.014844 0.037500
0 0.609766 0.290104 0.014844 0.034375
0 0.728906 0.347917 0.010937 0.018750
0 0.581250 0.354167 0.007812 0.012500
0 0.601562 0.354167 0.007812 0.012500
0 0.640234 0.372917 0.005469 0.012500
0 0.253125 0.339583 0.006250 0.012500
0 0.558984 0.289583 0.008594 0.012500
0 0.611328 0.296354 0.008594 0.011458
0 0.729688 0.351042 0.006250 0.006250
0 0.582031 0.356250 0.004687 0.004167
0 0.602344 0.356250 0.004687 0.004167
0 0.640625 0.375000 0.003125 0.004167