0 0.421484 0.366667 0.007031 0.018750
0 0.585938 0.329688 0.010937 0.021875
0 0.640625 0.369271 0.007812 0.015625
1 0.678125 0.229687 0.026562 0.078125
1 0.845703 0.330729 0.016406 0.053125
1 0.119531 0.304688 0.009375 0.028125
1 0.569141 0.216667 0.016406 0.041667
0 0.422266 0.369792 0.003906 0.006250
0 0.586719 0.333854 0.006250 0.007292
0 0.641406 0.372396 0.004687 0.005208
1 0.678516 0.212500 0.017969 0.029167
1 0.846094 0.319271 0.010937 0.019792
1 0.119531 0.298958 0.006250 0.010417
1 0.569531 0.207813 0.010937 0.015625