0 0.207813 0.335417 0.012500 0.043750
0 0.547266 0.283333 0.017969 0.031250
0 0.605859 0.290104 0.016406 0.028125
0 0.738281 0.354687 0.010937 0.034375
0 0.570312 0.361979 0.007812 0.021875
0 0.591797 0.363021 0.007031 0.015625
0 0.630859 0.381250 0.005469 0.012500
0 0.208984 0.342708 0.007031 0.014583
0 0.548828 0.288542 0.010156 0.010417
0 0.607031 0.295312 0.009375 0.009375
0 0.739062 0.360938 0.006250 0.011458
0 0.571094 0.366146 0.004687 0.007292
0 0.592578 0.366146 0.003906 0.005208
0 0.631250 0.383333 0.003125 0.004167