0 0.412891 0.363021 0.007031 0.015625
0 0.578906 0.327083 0.010937 0.025000
0 0.633594 0.366667 0.009375 0.025000
1 0.676562 0.218750 0.028125 0.072917
1 0.847656 0.325000 0.017188 0.050000
1 0.093750 0.298958 0.009375 0.033333
1 0.562500 0.210417 0.018750 0.050000
0 0.413672 0.366146 0.003906 0.005208
0 0.579688 0.331250 0.006250 0.008333
0 0.634766 0.370833 0.005469 0.008333
1 0.676562 0.203125 0.018750 0.027083
1 0.848047 0.314583 0.011719 0.018750
1 0.093750 0.291667 0.006250 0.012500
1 0.562500 0.200000 0.012500 0.018750