0 0.291406 0.358333 0.007812 0.031250
0 0.555078 0.313021 0.016406 0.040625
0 0.600000 0.321354 0.014063 0.028125
0 0.702344 0.370833 0.010937 0.025000
0 0.579297 0.372917 0.007031 0.012500
0 0.597656 0.371875 0.010937 0.018750
0 0.634766 0.389583 0.005469 0.012500
0 0.292187 0.363542 0.004687 0.010417
0 0.556250 0.320312 0.009375 0.013542
0 0.600781 0.326562 0.007812 0.009375
0 0.703125 0.375000 0.006250 0.008333
0 0.580078 0.375000 0.003906 0.004167
0 0.598437 0.375000 0.006250 0.006250
0 0.635156 0.391667 0.003125 0.004167