0 0.089844 0.333854 0.010937 0.046875
0 0.452734 0.276562 0.019531 0.046875
0 0.514453 0.285938 0.017969 0.040625
0 0.655469 0.354167 0.012500 0.031250
2 0.511328 0.364063 0.010156 0.017708
2 0.532813 0.362500 0.007812 0.010417
2 0.572266 0.386458 0.005469 0.012500
0 0.090625 0.342187 0.006250 0.015625
0 0.453906 0.284896 0.010937 0.015625
0 0.516016 0.293229 0.010156 0.013542
0 0.656641 0.359375 0.007031 0.010417
2 0.512109 0.365104 0.007031 0.007292
2 0.533203 0.363542 0.005469 0.004167
2 0.573047 0.386979 0.003906 0.005208