0 0.070312 0.307292 0.021875 0.056250
0 0.518359 0.240104 0.019531 0.046875
0 0.594922 0.252083 0.019531 0.037500
0 0.767578 0.337500 0.016406 0.037500
0 0.543359 0.354167 0.007031 0.018750
0 0.565625 0.355208 0.007812 0.025000
0 0.608984 0.375521 0.005469 0.015625
0 0.071875 0.316667 0.012500 0.018750
0 0.519531 0.248438 0.010937 0.015625
0 0.596094 0.258333 0.010937 0.012500
0 0.768750 0.343750 0.009375 0.012500
0 0.544141 0.357292 0.003906 0.006250
0 0.566406 0.359375 0.004687 0.008333
0 0.609375 0.378646 0.003125 0.005208