0 0.412891 0.363021 0.007031 0.021875
0 0.580469 0.327083 0.010937 0.025000
0 0.634375 0.366146 0.009375 0.028125
1 0.676562 0.221354 0.026562 0.078125
1 0.848437 0.326562 0.018750 0.053125
1 0.098828 0.298958 0.011719 0.033333
1 0.563281 0.215625 0.023438 0.058333
0 0.413672 0.367188 0.003906 0.007292
0 0.581250 0.331250 0.006250 0.008333
0 0.635547 0.371354 0.005469 0.009375
1 0.676953 0.204167 0.017969 0.029167
1 0.848437 0.315104 0.012500 0.019792
1 0.099219 0.291667 0.007812 0.012500
1 0.563281 0.203646 0.015625 0.021875