0 0.289062 0.359896 0.007812 0.034375
0 0.554297 0.315625 0.021094 0.043750
0 0.600781 0.323437 0.010937 0.028125
0 0.703125 0.372396 0.010937 0.028125
0 0.579297 0.374479 0.005469 0.021875
0 0.598828 0.375000 0.005469 0.012500
0 0.634766 0.391667 0.005469 0.012500
0 0.289844 0.366146 0.004687 0.011458
0 0.555859 0.322917 0.011719 0.014583
0 0.601562 0.328646 0.006250 0.009375
0 0.703906 0.377604 0.006250 0.009375
0 0.579688 0.378646 0.003125 0.007292
0 0.599219 0.377083 0.003125 0.004167
0 0.635156 0.393750 0.003125 0.004167