0 0.271875 0.335938 0.007812 0.034375
0 0.557422 0.288021 0.014844 0.028125
0 0.606641 0.294792 0.016406 0.031250
0 0.717969 0.347917 0.010937 0.031250
0 0.582422 0.352083 0.005469 0.012500
0 0.601562 0.351562 0.007812 0.021875
0 0.639453 0.369271 0.005469 0.015625
0 0.272656 0.342187 0.004687 0.011458
0 0.558984 0.293229 0.008594 0.009375
0 0.607812 0.300000 0.009375 0.010417
0 0.718750 0.353125 0.006250 0.010417
0 0.582812 0.354167 0.003125 0.004167
0 0.602344 0.355729 0.004687 0.007292
0 0.639844 0.372396 0.003125 0.005208