0 0.247656 0.335417 0.010937 0.037500
0 0.556641 0.287500 0.014844 0.025000
0 0.608984 0.293229 0.014844 0.034375
0 0.730469 0.351562 0.010937 0.028125
0 0.579688 0.357292 0.007812 0.018750
0 0.600000 0.356771 0.010937 0.021875
0 0.638672 0.377083 0.005469 0.018750
0 0.248438 0.341667 0.006250 0.012500
0 0.558203 0.291667 0.008594 0.008333
0 0.610547 0.299479 0.008594 0.011458
0 0.731250 0.356771 0.006250 0.009375
0 0.580469 0.360417 0.004687 0.006250
0 0.600781 0.360938 0.006250 0.007292
0 0.639062 0.380208 0.003125 0.006250