0 0.274219 0.340104 0.010937 0.034375
0 0.557813 0.293750 0.014063 0.031250
0 0.605078 0.297396 0.016406 0.040625
0 0.715625 0.352083 0.009375 0.031250
0 0.580859 0.356250 0.007031 0.012500
0 0.601172 0.355729 0.007031 0.015625
0 0.638672 0.375000 0.005469 0.012500
0 0.275000 0.346354 0.006250 0.011458
0 0.558594 0.298958 0.007812 0.010417
0 0.606250 0.304688 0.009375 0.013542
0 0.716797 0.357292 0.005469 0.010417
0 0.581641 0.358333 0.003906 0.004167
0 0.601953 0.358854 0.003906 0.005208
0 0.639062 0.377083 0.003125 0.004167