0 0.429688 0.365104 0.007812 0.021875
0 0.592969 0.329167 0.014063 0.031250
0 0.646875 0.369271 0.007812 0.021875
1 0.681641 0.233333 0.025781 0.075000
1 0.843750 0.333333 0.017188 0.056250
1 0.140625 0.306771 0.009375 0.021875
1 0.575391 0.220312 0.016406 0.036458
0 0.430469 0.369271 0.004687 0.007292
0 0.593750 0.334375 0.007812 0.010417
0 0.647656 0.373437 0.004687 0.007292
1 0.682031 0.217188 0.017188 0.028125
1 0.844141 0.320833 0.011719 0.020833
1 0.140625 0.302083 0.006250 0.008333
1 0.575781 0.213021 0.010937 0.013542