0 0.443750 0.366146 0.007812 0.021875
0 0.603906 0.331250 0.010937 0.018750
0 0.656250 0.368229 0.009375 0.028125
1 0.686328 0.240104 0.025781 0.069792
1 0.841016 0.334896 0.016406 0.053125
1 0.174609 0.313021 0.007031 0.021875
1 0.584766 0.230729 0.016406 0.038542
0 0.444531 0.370312 0.004687 0.007292
0 0.604688 0.334375 0.006250 0.006250
0 0.657422 0.373437 0.005469 0.009375
1 0.686719 0.225521 0.017188 0.026042
1 0.841406 0.323437 0.010937 0.019792
1 0.175000 0.308333 0.004687 0.008333
1 0.585156 0.222917 0.010937 0.014583