0 0.035547 0.296354 0.019531 0.059375
0 0.510938 0.223958 0.021875 0.050000
0 0.592187 0.235417 0.021875 0.050000
0 0.776172 0.325000 0.016406 0.037500
0 0.537500 0.346354 0.009375 0.015625
0 0.560937 0.347917 0.007812 0.018750
0 0.603516 0.367708 0.007031 0.018750
0 0.036719 0.306771 0.010937 0.019792
0 0.512500 0.232292 0.012500 0.016667
0 0.593750 0.243750 0.012500 0.016667
0 0.777344 0.331250 0.009375 0.012500
0 0.538672 0.349479 0.005469 0.005208
0 0.561719 0.351042 0.004687 0.006250
0 0.604297 0.370833 0.003906 0.006250