0 0.392188 0.355729 0.007812 0.021875
0 0.564844 0.318750 0.010937 0.025000
0 0.621094 0.359896 0.009375 0.021875
1 0.677344 0.191667 0.028125 0.081250
1 0.870313 0.312500 0.017188 0.056250
1 0.014063 0.278646 0.017188 0.044792
1 0.548828 0.182812 0.024219 0.061458
0 0.392969 0.359896 0.004687 0.007292
0 0.565625 0.322917 0.006250 0.008333
0 0.622266 0.364063 0.005469 0.007292
1 0.677344 0.174479 0.018750 0.030208
1 0.870703 0.300000 0.011719 0.020833
1 0.014453 0.268750 0.011719 0.016667
1 0.549609 0.169792 0.016406 0.022917