0 0.011719 0.303646 0.023438 0.059375
0 0.506250 0.227083 0.021875 0.037500
0 0.591016 0.239063 0.021094 0.046875
0 0.783984 0.333333 0.014844 0.043750
0 0.534375 0.356250 0.009375 0.018750
0 0.558594 0.356771 0.007812 0.015625
0 0.601562 0.377604 0.007812 0.015625
0 0.012500 0.314063 0.014063 0.019792
0 0.507812 0.233333 0.012500 0.012500
0 0.592578 0.247396 0.011719 0.015625
0 0.785547 0.340625 0.008594 0.014583
0 0.535547 0.359375 0.005469 0.006250
0 0.559375 0.359896 0.004687 0.005208
0 0.602344 0.380729 0.004687 0.005208