0 0.457031 0.361979 0.007812 0.021875
0 0.614844 0.327604 0.010937 0.021875
0 0.665625 0.365625 0.007812 0.018750
1 0.692187 0.243750 0.023438 0.072917
1 0.839453 0.333854 0.014844 0.053125
1 0.203516 0.313021 0.007031 0.021875
1 0.595313 0.230729 0.014063 0.030208
0 0.457813 0.366146 0.004687 0.007292
0 0.615625 0.331771 0.006250 0.007292
0 0.666406 0.368750 0.004687 0.006250
1 0.692187 0.228125 0.015625 0.027083
1 0.840234 0.322396 0.010156 0.019792
1 0.203906 0.308333 0.004687 0.008333
1 0.595313 0.224479 0.009375 0.011458