0 0.298438 0.338021 0.007812 0.028125
0 0.553906 0.296354 0.010937 0.028125
0 0.599219 0.302083 0.014063 0.025000
0 0.698438 0.351042 0.010937 0.031250
0 0.579297 0.352083 0.007031 0.018750
0 0.598437 0.352083 0.007812 0.012500
0 0.633984 0.370833 0.005469 0.012500
0 0.299219 0.343229 0.004687 0.009375
0 0.554688 0.301563 0.006250 0.009375
0 0.600000 0.306250 0.007812 0.008333
0 0.699219 0.356250 0.006250 0.010417
0 0.580078 0.355208 0.003906 0.006250
0 0.599219 0.354167 0.004687 0.004167
0 0.634375 0.372917 0.003125 0.004167