0 0.019141 0.304688 0.017969 0.053125
0 0.444141 0.240625 0.019531 0.050000
0 0.516797 0.251042 0.019531 0.043750
0 0.680859 0.331771 0.016406 0.034375
2 0.515625 0.346875 0.014063 0.033333
2 0.537500 0.350521 0.007812 0.017708
2 0.578516 0.370312 0.005469 0.017708
0 0.020703 0.314063 0.010156 0.017708
0 0.445312 0.248958 0.010937 0.016667
0 0.517969 0.258333 0.010937 0.014583
0 0.682031 0.338021 0.009375 0.011458
2 0.515625 0.348438 0.009375 0.013542
2 0.537891 0.351562 0.005469 0.007292
2 0.579297 0.371354 0.003906 0.007292