0 0.113672 0.306250 0.016406 0.056250
0 0.526953 0.245833 0.017969 0.043750
0 0.597266 0.255729 0.017969 0.046875
0 0.756641 0.332813 0.021094 0.053125
0 0.550391 0.348438 0.007031 0.015625
0 0.573047 0.349479 0.007031 0.015625
0 0.614453 0.370833 0.005469 0.012500
0 0.114844 0.315625 0.009375 0.018750
0 0.528516 0.253125 0.010156 0.014583
0 0.598828 0.264062 0.010156 0.015625
0 0.758203 0.342187 0.011719 0.017708
0 0.551172 0.351562 0.003906 0.005208
0 0.573828 0.352604 0.003906 0.005208
0 0.614844 0.372917 0.003125 0.004167