0 0.389844 0.353646 0.012500 0.028125
0 0.564063 0.318229 0.010937 0.021875
0 0.620313 0.360417 0.009375 0.018750
1 0.676953 0.190104 0.028906 0.078125
1 0.870703 0.312500 0.019531 0.056250
0 0.009766 0.294792 0.019531 0.037500
0 0.547656 0.188021 0.025000 0.065625
0 0.391016 0.358854 0.007031 0.009375
0 0.564844 0.322396 0.006250 0.007292
0 0.621484 0.363542 0.005469 0.006250
1 0.677734 0.172917 0.019531 0.029167
1 0.871484 0.300000 0.013281 0.020833
0 0.009766 0.301042 0.011719 0.012500
0 0.549219 0.199479 0.014063 0.021875