0 0.170313 0.321354 0.012500 0.046875
0 0.539453 0.268750 0.017969 0.043750
0 0.601953 0.279167 0.017969 0.031250
0 0.744141 0.350521 0.014844 0.034375
0 0.561719 0.357812 0.007812 0.015625
0 0.583984 0.358854 0.005469 0.015625
0 0.623828 0.379167 0.005469 0.012500
0 0.171484 0.329688 0.007031 0.015625
0 0.541016 0.276042 0.010156 0.014583
0 0.603516 0.284375 0.010156 0.010417
0 0.745703 0.356771 0.008594 0.011458
0 0.562500 0.360938 0.004687 0.005208
0 0.584375 0.361979 0.003125 0.005208
0 0.624219 0.381250 0.003125 0.004167