0 0.196875 0.329167 0.014063 0.043750
0 0.544141 0.274479 0.017969 0.028125
0 0.603516 0.284375 0.017969 0.043750
0 0.739062 0.350000 0.014063 0.037500
0 0.567187 0.358333 0.007812 0.018750
0 0.589063 0.358333 0.007812 0.012500
0 0.629297 0.377083 0.005469 0.012500
0 0.197656 0.336458 0.007812 0.014583
0 0.545703 0.279687 0.010156 0.009375
0 0.605078 0.291667 0.010156 0.014583
0 0.739844 0.356250 0.007812 0.012500
0 0.567969 0.361458 0.004687 0.006250
0 0.589844 0.360417 0.004687 0.004167
0 0.629687 0.379167 0.003125 0.004167