0 0.267188 0.345833 0.007812 0.031250
0 0.558203 0.294271 0.019531 0.053125
0 0.607422 0.304167 0.014844 0.037500
0 0.721094 0.357812 0.010937 0.034375
0 0.580859 0.362500 0.005469 0.018750
0 0.601953 0.363542 0.007031 0.012500
0 0.639453 0.381250 0.005469 0.012500
0 0.267969 0.351042 0.004687 0.010417
0 0.559375 0.303646 0.010937 0.017708
0 0.608984 0.310417 0.008594 0.012500
0 0.721875 0.364063 0.006250 0.011458
0 0.581250 0.365625 0.003125 0.006250
0 0.602734 0.365625 0.003906 0.004167
0 0.639844 0.383333 0.003125 0.004167