0 0.400391 0.360417 0.005469 0.018750
0 0.569531 0.322917 0.010937 0.025000
0 0.625000 0.363021 0.009375 0.021875
1 0.675000 0.204687 0.028125 0.078125
1 0.858594 0.318229 0.017188 0.053125
1 0.048438 0.288542 0.014063 0.041667
1 0.553906 0.194792 0.018750 0.050000
0 0.400781 0.363542 0.003125 0.006250
0 0.570312 0.327083 0.006250 0.008333
0 0.626172 0.367188 0.005469 0.007292
1 0.675000 0.187500 0.018750 0.029167
1 0.858984 0.306771 0.011719 0.019792
1 0.048438 0.279687 0.009375 0.015625
1 0.553906 0.184375 0.012500 0.018750