0 0.201563 0.331250 0.012500 0.043750
0 0.545703 0.277083 0.016406 0.031250
0 0.604297 0.284896 0.016406 0.028125
0 0.737500 0.350000 0.012500 0.031250
0 0.568750 0.358333 0.007812 0.012500
0 0.590234 0.357812 0.007031 0.021875
0 0.629297 0.377083 0.005469 0.012500
0 0.202734 0.338542 0.007031 0.014583
0 0.546875 0.282292 0.009375 0.010417
0 0.605469 0.290104 0.009375 0.009375
0 0.738672 0.355208 0.007031 0.010417
0 0.569531 0.360417 0.004687 0.004167
0 0.591016 0.361979 0.003906 0.007292
0 0.629687 0.379167 0.003125 0.004167