0 0.418750 0.364583 0.007812 0.025000
0 0.583594 0.329167 0.010937 0.025000
0 0.637500 0.368229 0.009375 0.021875
1 0.678125 0.225000 0.028125 0.072917
1 0.846875 0.330208 0.018750 0.056250
1 0.108984 0.301563 0.010156 0.030208
1 0.567187 0.215625 0.018750 0.050000
0 0.419531 0.368750 0.004687 0.008333
0 0.584375 0.333333 0.006250 0.008333
0 0.638672 0.372396 0.005469 0.007292
1 0.678125 0.209375 0.018750 0.027083
1 0.846875 0.317708 0.012500 0.020833
1 0.109766 0.295312 0.007031 0.011458
1 0.567187 0.205208 0.012500 0.018750