0 0.408203 0.362500 0.007031 0.018750
0 0.575781 0.325000 0.010937 0.025000
0 0.631250 0.365104 0.007812 0.028125
1 0.675000 0.215104 0.026562 0.078125
1 0.849609 0.322917 0.014844 0.050000
1 0.078516 0.294792 0.011719 0.033333
1 0.559375 0.205208 0.018750 0.050000
0 0.408984 0.365625 0.003906 0.006250
0 0.576562 0.329167 0.006250 0.008333
0 0.632031 0.370312 0.004687 0.009375
1 0.675391 0.197917 0.017969 0.029167
1 0.850391 0.312500 0.010156 0.018750
1 0.078906 0.287500 0.007812 0.012500
1 0.559375 0.194792 0.012500 0.018750