0 0.054688 0.326562 0.014063 0.053125
0 0.448047 0.266667 0.017969 0.043750
0 0.516016 0.276042 0.019531 0.037500
0 0.667578 0.350000 0.014844 0.031250
2 0.513672 0.362500 0.010156 0.022917
2 0.534375 0.363542 0.012500 0.031250
2 0.575391 0.383333 0.005469 0.012500
0 0.055469 0.335938 0.007812 0.017708
0 0.449609 0.273958 0.010156 0.014583
0 0.517188 0.282292 0.010937 0.012500
0 0.669141 0.355208 0.008594 0.010417
2 0.514453 0.364063 0.007031 0.009375
2 0.534766 0.364583 0.008594 0.012500
2 0.576172 0.383854 0.003906 0.005208