0 0.164062 0.324479 0.012500 0.046875
0 0.537891 0.272917 0.017969 0.037500
0 0.601953 0.283333 0.016406 0.037500
0 0.744922 0.356250 0.014844 0.037500
0 0.560547 0.363021 0.007031 0.015625
0 0.582422 0.364583 0.007031 0.012500
0 0.623047 0.385417 0.005469 0.012500
0 0.165234 0.332813 0.007031 0.015625
0 0.539453 0.279167 0.010156 0.012500
0 0.603125 0.289583 0.009375 0.012500
0 0.746484 0.362500 0.008594 0.012500
0 0.561328 0.366146 0.003906 0.005208
0 0.583203 0.366667 0.003906 0.004167
0 0.623437 0.387500 0.003125 0.004167