0 0.096094 0.331250 0.009375 0.050000
0 0.453516 0.274479 0.017969 0.046875
0 0.514453 0.284375 0.017969 0.037500
0 0.653125 0.351042 0.014063 0.031250
2 0.511328 0.358854 0.010156 0.017708
2 0.532422 0.359375 0.011719 0.022917
2 0.572656 0.381771 0.004687 0.015625
0 0.097266 0.339583 0.005469 0.016667
0 0.455078 0.282813 0.010156 0.015625
0 0.516016 0.290625 0.010156 0.012500
0 0.653906 0.356250 0.007812 0.010417
2 0.512109 0.359896 0.007031 0.007292
2 0.532813 0.360938 0.007812 0.009375
2 0.572656 0.382292 0.003125 0.006250