0 0.449609 0.363542 0.007031 0.018750
0 0.609375 0.327604 0.007812 0.021875
0 0.660937 0.366146 0.009375 0.021875
1 0.687891 0.241667 0.024219 0.072917
1 0.839453 0.332813 0.014844 0.053125
1 0.189062 0.313021 0.009375 0.021875
1 0.589453 0.229167 0.016406 0.033333
0 0.450391 0.366667 0.003906 0.006250
0 0.610156 0.331771 0.004687 0.007292
0 0.662109 0.370312 0.005469 0.007292
1 0.688672 0.226042 0.016406 0.027083
1 0.840234 0.321354 0.010156 0.019792
1 0.189062 0.308333 0.006250 0.008333
1 0.589844 0.221875 0.010937 0.012500