0 0.092578 0.315104 0.016406 0.053125
0 0.523047 0.251563 0.019531 0.034375
0 0.596484 0.261979 0.019531 0.040625
0 0.762500 0.344271 0.014063 0.040625
0 0.546875 0.359375 0.007812 0.018750
0 0.569922 0.360417 0.007031 0.018750
0 0.612109 0.381250 0.005469 0.012500
0 0.093750 0.324479 0.009375 0.017708
0 0.524219 0.257812 0.010937 0.011458
0 0.597656 0.269271 0.010937 0.013542
0 0.763281 0.351562 0.007812 0.013542
0 0.547656 0.362500 0.004687 0.006250
0 0.570703 0.363542 0.003906 0.006250
0 0.612500 0.383333 0.003125 0.004167