0 0.398047 0.358854 0.005469 0.015625
0 0.567969 0.321875 0.010937 0.025000
0 0.623437 0.361979 0.009375 0.028125
1 0.675000 0.200521 0.028125 0.078125
1 0.862500 0.316667 0.018750 0.056250
1 0.037891 0.285417 0.014844 0.041667
1 0.551562 0.191146 0.017188 0.044792
0 0.398438 0.361979 0.003125 0.005208
0 0.568750 0.326042 0.006250 0.008333
0 0.624609 0.367188 0.005469 0.009375
1 0.675000 0.183333 0.018750 0.029167
1 0.862500 0.304167 0.012500 0.020833
1 0.038672 0.276562 0.010156 0.015625
1 0.551953 0.181250 0.011719 0.016667