0 0.027734 0.297917 0.019531 0.056250
0 0.509375 0.222917 0.021875 0.037500
0 0.591797 0.232813 0.021094 0.046875
0 0.778516 0.324479 0.014844 0.040625
0 0.537500 0.346354 0.007812 0.015625
0 0.560547 0.347917 0.007031 0.012500
0 0.604297 0.368750 0.005469 0.012500
0 0.028906 0.307292 0.010937 0.018750
0 0.510938 0.229167 0.012500 0.012500
0 0.593359 0.241146 0.011719 0.015625
0 0.780078 0.331771 0.008594 0.013542
0 0.538281 0.349479 0.004687 0.005208
0 0.561328 0.350000 0.003906 0.004167
0 0.604688 0.370833 0.003125 0.004167