0 0.211719 0.339062 0.010937 0.040625
0 0.548047 0.287500 0.014844 0.025000
0 0.605859 0.293750 0.019531 0.043750
0 0.735938 0.358333 0.014063 0.031250
0 0.571484 0.365104 0.005469 0.015625
0 0.591797 0.366667 0.007031 0.012500
0 0.630859 0.385417 0.007031 0.012500
0 0.212500 0.346354 0.006250 0.013542
0 0.549609 0.291667 0.008594 0.008333
0 0.607031 0.301042 0.010937 0.014583
0 0.736719 0.363542 0.007812 0.010417
0 0.571875 0.368229 0.003125 0.005208
0 0.592578 0.368750 0.003906 0.004167
0 0.631641 0.387500 0.003906 0.004167