0 0.220312 0.342187 0.010937 0.040625
0 0.548828 0.290625 0.016406 0.031250
0 0.605078 0.297917 0.014844 0.031250
0 0.732812 0.359375 0.012500 0.031250
0 0.571875 0.366146 0.007812 0.021875
0 0.592969 0.366146 0.007812 0.021875
0 0.632422 0.385937 0.005469 0.015625
0 0.221094 0.349479 0.006250 0.013542
0 0.550000 0.295833 0.009375 0.010417
0 0.606641 0.303125 0.008594 0.010417
0 0.733984 0.364583 0.007031 0.010417
0 0.572656 0.370312 0.004687 0.007292
0 0.593750 0.370312 0.004687 0.007292
0 0.632812 0.389062 0.003125 0.005208