0 0.405859 0.360938 0.005469 0.015625
0 0.574219 0.323958 0.010937 0.025000
0 0.628906 0.364063 0.012500 0.028125
1 0.675000 0.211458 0.028125 0.075000
1 0.852344 0.321354 0.014063 0.053125
1 0.072656 0.293229 0.012500 0.036458
1 0.557813 0.201563 0.018750 0.044792
0 0.406250 0.364063 0.003125 0.005208
0 0.575000 0.328125 0.006250 0.008333
0 0.630078 0.369271 0.007031 0.009375
1 0.675000 0.195312 0.018750 0.028125
1 0.852344 0.309896 0.009375 0.019792
1 0.073047 0.285938 0.008594 0.013542
1 0.557813 0.191667 0.012500 0.016667