0 0.058984 0.327083 0.014844 0.050000
0 0.448828 0.266146 0.017969 0.046875
0 0.515234 0.276562 0.019531 0.040625
0 0.665234 0.349479 0.014844 0.028125
2 0.513672 0.363021 0.011719 0.028125
2 0.534375 0.363021 0.012500 0.026042
2 0.576562 0.383854 0.004687 0.015625
0 0.060547 0.335417 0.008594 0.016667
0 0.450391 0.274479 0.010156 0.015625
0 0.516406 0.283854 0.010937 0.013542
0 0.666797 0.354687 0.008594 0.009375
2 0.514062 0.364063 0.007812 0.011458
2 0.534766 0.363542 0.008594 0.010417
2 0.576562 0.384375 0.003125 0.006250