0 0.053906 0.299479 0.025000 0.059375
0 0.514453 0.229687 0.021094 0.040625
0 0.593359 0.241146 0.021094 0.040625
0 0.771875 0.327083 0.021875 0.050000
0 0.540625 0.347396 0.007812 0.015625
0 0.563672 0.348438 0.007031 0.015625
0 0.606250 0.368750 0.007812 0.012500
0 0.055469 0.309896 0.014063 0.019792
0 0.516016 0.236979 0.011719 0.013542
0 0.594922 0.248438 0.011719 0.013542
0 0.773438 0.335417 0.012500 0.016667
0 0.541406 0.350521 0.004687 0.005208
0 0.564453 0.351562 0.003906 0.005208
0 0.607031 0.370833 0.004687 0.004167