0 0.121484 0.315625 0.014844 0.050000
0 0.528516 0.255729 0.017969 0.034375
0 0.598047 0.266667 0.019531 0.037500
0 0.755859 0.341667 0.019531 0.050000
0 0.551562 0.356250 0.009375 0.018750
0 0.574609 0.356771 0.007031 0.015625
0 0.615234 0.377083 0.007031 0.012500
0 0.123047 0.323958 0.008594 0.016667
0 0.530078 0.261979 0.010156 0.011458
0 0.599219 0.272917 0.010937 0.012500
0 0.757031 0.350000 0.010937 0.016667
0 0.552734 0.359375 0.005469 0.006250
0 0.575391 0.359896 0.003906 0.005208
0 0.616016 0.379167 0.003906 0.004167