0 0.296094 0.345833 0.010937 0.031250
0 0.554688 0.302604 0.014063 0.028125
0 0.599219 0.308854 0.014063 0.021875
0 0.699219 0.357292 0.010937 0.018750
0 0.579297 0.358854 0.005469 0.015625
0 0.598047 0.358854 0.007031 0.021875
0 0.633984 0.376563 0.005469 0.015625
0 0.296875 0.351042 0.006250 0.010417
0 0.555469 0.307812 0.007812 0.009375
0 0.600000 0.313021 0.007812 0.007292
0 0.700000 0.360417 0.006250 0.006250
0 0.579688 0.361979 0.003125 0.005208
0 0.598828 0.363021 0.003906 0.007292
0 0.634375 0.379688 0.003125 0.005208