0 0.176172 0.319271 0.014844 0.046875
0 0.541016 0.266667 0.016406 0.037500
0 0.602734 0.275521 0.017969 0.034375
0 0.743359 0.345833 0.014844 0.037500
0 0.563672 0.353646 0.007031 0.021875
0 0.585547 0.354687 0.005469 0.015625
0 0.624609 0.376042 0.007031 0.012500
0 0.177734 0.327604 0.008594 0.015625
0 0.542188 0.272917 0.009375 0.012500
0 0.604297 0.281771 0.010156 0.011458
0 0.744922 0.352083 0.008594 0.012500
0 0.564453 0.357812 0.003906 0.007292
0 0.585938 0.357812 0.003125 0.005208
0 0.625391 0.378125 0.003906 0.004167