0 0.258594 0.341146 0.009375 0.034375
0 0.558203 0.292187 0.016406 0.034375
0 0.608984 0.298438 0.014844 0.040625
0 0.725781 0.356250 0.012500 0.031250
0 0.582422 0.359896 0.005469 0.015625
0 0.601953 0.359896 0.007031 0.021875
0 0.640234 0.378646 0.005469 0.015625
0 0.259766 0.347396 0.005469 0.011458
0 0.559375 0.298438 0.009375 0.011458
0 0.610547 0.305729 0.008594 0.013542
0 0.726953 0.361458 0.007031 0.010417
0 0.582812 0.363021 0.003125 0.005208
0 0.602734 0.364063 0.003906 0.007292
0 0.640625 0.381771 0.003125 0.005208