0 0.451953 0.363542 0.007031 0.018750
0 0.609766 0.325521 0.014844 0.034375
0 0.662500 0.365625 0.009375 0.025000
1 0.689453 0.241146 0.024219 0.069792
1 0.839844 0.333333 0.014063 0.050000
1 0.193750 0.310417 0.007812 0.016667
1 0.591016 0.230729 0.016406 0.036458
0 0.452734 0.366667 0.003906 0.006250
0 0.611328 0.331771 0.008594 0.011458
0 0.663672 0.369792 0.005469 0.008333
1 0.690234 0.226562 0.016406 0.026042
1 0.839844 0.322917 0.009375 0.018750
1 0.194141 0.307292 0.005469 0.006250
1 0.591406 0.223438 0.010937 0.013542