0 0.414062 0.362500 0.007812 0.025000
0 0.582031 0.327604 0.010937 0.021875
0 0.635938 0.367188 0.009375 0.021875
1 0.677344 0.222917 0.026562 0.072917
1 0.846484 0.327083 0.014844 0.050000
1 0.103516 0.302083 0.019531 0.050000
1 0.565625 0.210417 0.018750 0.041667
0 0.414844 0.366667 0.004687 0.008333
0 0.582812 0.331771 0.006250 0.007292
0 0.637109 0.371354 0.005469 0.007292
1 0.677734 0.207292 0.017969 0.027083
1 0.847266 0.316667 0.010156 0.018750
1 0.104297 0.291667 0.013281 0.018750
1 0.565625 0.201563 0.012500 0.015625