0 0.050000 0.331250 0.014063 0.050000
0 0.446484 0.265104 0.017969 0.046875
0 0.514453 0.274479 0.017969 0.034375
0 0.668359 0.348958 0.014844 0.025000
2 0.512891 0.362500 0.010156 0.022917
2 0.533594 0.363542 0.012500 0.031250
2 0.575391 0.383333 0.005469 0.012500
0 0.050781 0.339583 0.007812 0.016667
0 0.448047 0.273438 0.010156 0.015625
0 0.516016 0.280729 0.010156 0.011458
0 0.669922 0.353125 0.008594 0.008333
2 0.513672 0.364063 0.007031 0.009375
2 0.533984 0.364583 0.008594 0.012500
2 0.576172 0.383854 0.003906 0.005208