0 0.446484 0.364583 0.007031 0.018750
0 0.606250 0.328646 0.014063 0.028125
0 0.658594 0.366667 0.010937 0.025000
1 0.687891 0.239583 0.025781 0.072917
1 0.841016 0.332813 0.016406 0.053125
1 0.180078 0.312500 0.007031 0.025000
1 0.587109 0.228125 0.016406 0.033333
0 0.447266 0.367708 0.003906 0.006250
0 0.607031 0.333854 0.007812 0.009375
0 0.659375 0.370833 0.006250 0.008333
1 0.688281 0.223958 0.017188 0.027083
1 0.841406 0.321354 0.010937 0.019792
1 0.180469 0.307812 0.004687 0.009375
1 0.587500 0.220833 0.010937 0.012500