0 0.192578 0.327083 0.016406 0.043750
0 0.543359 0.271354 0.014844 0.034375
0 0.603516 0.281250 0.016406 0.031250
0 0.740625 0.346354 0.014063 0.028125
0 0.566797 0.355729 0.007031 0.021875
0 0.587500 0.355729 0.007812 0.015625
0 0.627734 0.375521 0.005469 0.015625
0 0.193750 0.334375 0.009375 0.014583
0 0.544922 0.277604 0.008594 0.011458
0 0.604688 0.286458 0.009375 0.010417
0 0.741406 0.351562 0.007812 0.009375
0 0.567578 0.359896 0.003906 0.007292
0 0.588281 0.358854 0.004687 0.005208
0 0.628125 0.378646 0.003125 0.005208