0 0.433984 0.365104 0.007031 0.021875
0 0.596094 0.330208 0.010937 0.025000
0 0.650000 0.368750 0.007812 0.025000
1 0.683203 0.233854 0.025781 0.069792
1 0.842187 0.331771 0.014063 0.044792
1 0.150000 0.307292 0.007812 0.025000
1 0.578516 0.222396 0.016406 0.038542
0 0.434766 0.369271 0.003906 0.007292
0 0.596875 0.334375 0.006250 0.008333
0 0.650781 0.372917 0.004687 0.008333
1 0.683594 0.219271 0.017188 0.026042
1 0.842187 0.321875 0.009375 0.016667
1 0.150391 0.302604 0.005469 0.009375
1 0.578906 0.214583 0.010937 0.014583