0 0.128516 0.318750 0.016406 0.050000
0 0.530859 0.260937 0.019531 0.034375
0 0.599609 0.272917 0.019531 0.037500
0 0.755469 0.349479 0.012500 0.040625
0 0.554297 0.360938 0.007031 0.015625
0 0.576172 0.362500 0.007031 0.012500
0 0.617578 0.383333 0.005469 0.012500
0 0.129688 0.327083 0.009375 0.016667
0 0.532031 0.267188 0.010937 0.011458
0 0.600781 0.279167 0.010937 0.012500
0 0.756641 0.356771 0.007031 0.013542
0 0.555078 0.364063 0.003906 0.005208
0 0.576953 0.364583 0.003906 0.004167
0 0.617969 0.385417 0.003125 0.004167