0 0.255469 0.336458 0.010937 0.037500
0 0.557422 0.287500 0.014844 0.025000
0 0.609766 0.293229 0.016406 0.040625
0 0.727344 0.350521 0.012500 0.021875
0 0.581250 0.355729 0.007812 0.015625
0 0.601562 0.355729 0.007812 0.021875
0 0.640234 0.375000 0.005469 0.012500
0 0.256250 0.342708 0.006250 0.012500
0 0.558984 0.291667 0.008594 0.008333
0 0.610938 0.300521 0.009375 0.013542
0 0.728516 0.354687 0.007031 0.007292
0 0.582031 0.358854 0.004687 0.005208
0 0.602344 0.359896 0.004687 0.007292
0 0.640625 0.377083 0.003125 0.004167