0 0.031641 0.308854 0.035156 0.071875
0 0.446484 0.250000 0.019531 0.043750
0 0.516797 0.260417 0.019531 0.037500
0 0.675391 0.338021 0.016406 0.040625
2 0.515234 0.353646 0.010156 0.026042
2 0.536328 0.353125 0.014844 0.031250
2 0.578906 0.373437 0.004687 0.015625
0 0.033984 0.321354 0.019531 0.023958
0 0.447656 0.257292 0.010937 0.014583
0 0.517969 0.266667 0.010937 0.012500
0 0.676562 0.345313 0.009375 0.013542
2 0.516016 0.354167 0.007031 0.010417
2 0.537109 0.354167 0.010156 0.012500
2 0.578906 0.373958 0.003125 0.006250