0 0.393359 0.356771 0.007031 0.021875
0 0.565625 0.320312 0.010937 0.021875
0 0.621875 0.360938 0.009375 0.021875
1 0.676562 0.193750 0.028125 0.081250
1 0.867969 0.314583 0.017188 0.056250
1 0.019141 0.280208 0.016406 0.041667
1 0.549219 0.184896 0.023438 0.044792
0 0.394141 0.360938 0.003906 0.007292
0 0.566406 0.324479 0.006250 0.007292
0 0.623047 0.365104 0.005469 0.007292
1 0.676562 0.176563 0.018750 0.030208
1 0.868359 0.302083 0.011719 0.020833
1 0.019531 0.271354 0.010937 0.015625
1 0.549219 0.175000 0.015625 0.016667