0 0.441406 0.368750 0.007812 0.018750
0 0.602344 0.333333 0.010937 0.025000
0 0.654687 0.370312 0.007812 0.028125
1 0.684766 0.241667 0.025781 0.072917
1 0.841016 0.336979 0.016406 0.053125
1 0.169531 0.313542 0.007812 0.025000
1 0.583203 0.232292 0.016406 0.041667
0 0.442188 0.371875 0.004687 0.006250
0 0.603125 0.337500 0.006250 0.008333
0 0.655469 0.375521 0.004687 0.009375
1 0.685156 0.226042 0.017188 0.027083
1 0.841406 0.325521 0.010937 0.019792
1 0.169922 0.308854 0.005469 0.009375
1 0.583594 0.223438 0.010937 0.015625