0 0.158984 0.326562 0.014844 0.046875
0 0.536328 0.273438 0.017969 0.028125
0 0.601172 0.283333 0.017969 0.037500
0 0.746484 0.356250 0.016406 0.043750
0 0.559375 0.365104 0.007812 0.015625
0 0.580859 0.366667 0.007031 0.012500
0 0.621484 0.385937 0.005469 0.021875
0 0.160547 0.334896 0.008594 0.015625
0 0.537891 0.278646 0.010156 0.009375
0 0.602734 0.289583 0.010156 0.012500
0 0.747656 0.363542 0.009375 0.014583
0 0.560156 0.368229 0.004687 0.005208
0 0.581641 0.368750 0.003906 0.004167
0 0.621875 0.390104 0.003125 0.007292