0 0.182812 0.319271 0.014063 0.046875
0 0.542578 0.267188 0.016406 0.034375
0 0.603516 0.277083 0.017969 0.037500
0 0.742188 0.347917 0.012500 0.031250
0 0.565234 0.354167 0.007031 0.018750
0 0.585938 0.354687 0.007812 0.015625
0 0.626172 0.375000 0.005469 0.018750
0 0.183594 0.327604 0.007812 0.015625
0 0.543750 0.273438 0.009375 0.011458
0 0.605078 0.283333 0.010156 0.012500
0 0.743359 0.353125 0.007031 0.010417
0 0.566016 0.357292 0.003906 0.006250
0 0.586719 0.357812 0.004687 0.005208
0 0.626563 0.378125 0.003125 0.006250