0 0.431250 0.366667 0.007812 0.018750
0 0.594531 0.331250 0.010937 0.025000
0 0.646875 0.369792 0.009375 0.025000
1 0.681641 0.233333 0.024219 0.072917
1 0.842969 0.332813 0.017188 0.053125
1 0.145313 0.307292 0.009375 0.025000
1 0.576953 0.223958 0.016406 0.041667
0 0.432031 0.369792 0.004687 0.006250
0 0.595313 0.335417 0.006250 0.008333
0 0.648047 0.373958 0.005469 0.008333
1 0.682422 0.217708 0.016406 0.027083
1 0.843359 0.321354 0.011719 0.019792
1 0.145313 0.302604 0.006250 0.009375
1 0.577344 0.215104 0.010937 0.015625