0 0.239063 0.340625 0.007812 0.037500
0 0.554688 0.290625 0.014063 0.031250
0 0.607422 0.297917 0.014844 0.031250
0 0.730469 0.358333 0.010937 0.031250
0 0.577734 0.363021 0.005469 0.015625
0 0.597656 0.364583 0.007812 0.018750
0 0.636328 0.383333 0.005469 0.012500
0 0.239844 0.346875 0.004687 0.012500
0 0.555469 0.295833 0.007812 0.010417
0 0.608984 0.303125 0.008594 0.010417
0 0.731250 0.363542 0.006250 0.010417
0 0.578125 0.366146 0.003125 0.005208
0 0.598437 0.367708 0.004687 0.006250
0 0.636719 0.385417 0.003125 0.004167