0 0.418750 0.363021 0.010937 0.028125
0 0.585156 0.329688 0.010937 0.021875
0 0.639062 0.368229 0.007812 0.028125
1 0.678125 0.227083 0.026562 0.072917
1 0.846094 0.330729 0.017188 0.053125
1 0.114453 0.303646 0.010156 0.028125
1 0.565625 0.220312 0.021875 0.061458
0 0.419531 0.368229 0.006250 0.009375
0 0.585938 0.333854 0.006250 0.007292
0 0.639844 0.373437 0.004687 0.009375
1 0.678516 0.211458 0.017969 0.027083
1 0.846484 0.319271 0.011719 0.019792
1 0.115234 0.297917 0.007031 0.010417
1 0.566016 0.207292 0.014844 0.022917