0 0.428516 0.366667 0.007031 0.018750
0 0.591406 0.329688 0.010937 0.028125
0 0.645312 0.368750 0.007812 0.018750
1 0.681250 0.231250 0.026562 0.072917
1 0.844141 0.331250 0.016406 0.050000
1 0.135937 0.306771 0.009375 0.028125
1 0.573828 0.219271 0.016406 0.038542
0 0.429297 0.369792 0.003906 0.006250
0 0.592187 0.334896 0.006250 0.009375
0 0.646094 0.371875 0.004687 0.006250
1 0.681641 0.215625 0.017969 0.027083
1 0.844531 0.320833 0.010937 0.018750
1 0.135937 0.301042 0.006250 0.010417
1 0.574219 0.211458 0.010937 0.014583