0 0.017969 0.298438 0.023438 0.059375
0 0.507812 0.222396 0.021875 0.040625
0 0.591797 0.234375 0.021094 0.043750
0 0.780859 0.327083 0.017969 0.043750
0 0.535937 0.350000 0.007812 0.018750
0 0.559375 0.350521 0.007812 0.015625
0 0.602734 0.371354 0.005469 0.015625
0 0.019922 0.308854 0.013281 0.019792
0 0.509375 0.229687 0.012500 0.013542
0 0.593359 0.241667 0.011719 0.014583
0 0.782422 0.334375 0.010156 0.014583
0 0.536719 0.353125 0.004687 0.006250
0 0.560156 0.353646 0.004687 0.005208
0 0.603125 0.374479 0.003125 0.005208