0 0.280469 0.352083 0.009375 0.031250
0 0.556250 0.307812 0.014063 0.028125
0 0.603125 0.314583 0.014063 0.025000
0 0.709375 0.366146 0.012500 0.028125
0 0.579688 0.368750 0.007812 0.018750
0 0.599609 0.368229 0.007031 0.021875
0 0.636328 0.387500 0.005469 0.012500
0 0.281641 0.357292 0.005469 0.010417
0 0.557031 0.313021 0.007812 0.009375
0 0.603906 0.318750 0.007812 0.008333
0 0.710547 0.371354 0.007031 0.009375
0 0.580469 0.371875 0.004687 0.006250
0 0.600391 0.372396 0.003906 0.007292
0 0.636719 0.389583 0.003125 0.004167