0 0.437891 0.367708 0.007031 0.018750
0 0.599219 0.331771 0.010937 0.021875
0 0.652344 0.370833 0.010937 0.025000
1 0.684766 0.238021 0.025781 0.069792
1 0.842578 0.334896 0.016406 0.053125
1 0.160938 0.311458 0.009375 0.025000
1 0.581641 0.226562 0.016406 0.036458
0 0.438672 0.370833 0.003906 0.006250
0 0.600000 0.335938 0.006250 0.007292
0 0.653125 0.375000 0.006250 0.008333
1 0.685156 0.223438 0.017188 0.026042
1 0.842969 0.323437 0.010937 0.019792
1 0.160938 0.306771 0.006250 0.009375
1 0.582031 0.219271 0.010937 0.013542