0 0.242969 0.340625 0.012500 0.037500
0 0.555078 0.290104 0.016406 0.028125
0 0.607812 0.297396 0.012500 0.028125
0 0.730469 0.356771 0.010937 0.034375
0 0.578125 0.362500 0.007812 0.018750
0 0.599609 0.363021 0.005469 0.015625
0 0.637109 0.381250 0.007031 0.012500
0 0.244141 0.346875 0.007031 0.012500
0 0.556250 0.295312 0.009375 0.009375
0 0.608984 0.302604 0.007031 0.009375
0 0.731250 0.363021 0.006250 0.011458
0 0.578906 0.365625 0.004687 0.006250
0 0.600000 0.366146 0.003125 0.005208
0 0.637891 0.383333 0.003906 0.004167