0 0.409766 0.362500 0.007031 0.018750
0 0.576562 0.325000 0.009375 0.025000
0 0.631250 0.365625 0.009375 0.025000
1 0.675000 0.214583 0.026562 0.072917
1 0.849219 0.323437 0.017188 0.053125
1 0.083203 0.296875 0.011719 0.033333
1 0.559375 0.206771 0.017188 0.044792
0 0.410547 0.365625 0.003906 0.006250
0 0.577734 0.329167 0.005469 0.008333
0 0.632422 0.369792 0.005469 0.008333
1 0.675391 0.198958 0.017969 0.027083
1 0.849609 0.311979 0.011719 0.019792
1 0.083594 0.289583 0.007812 0.012500
1 0.559766 0.196875 0.011719 0.016667