0 0.076953 0.312500 0.014844 0.056250
0 0.519922 0.247396 0.019531 0.046875
0 0.594922 0.258854 0.019531 0.034375
0 0.766016 0.343229 0.016406 0.040625
0 0.544922 0.358333 0.007031 0.012500
0 0.567187 0.360417 0.007812 0.018750
0 0.609766 0.381250 0.007031 0.012500
0 0.078516 0.321875 0.008594 0.018750
0 0.521094 0.255729 0.010937 0.015625
0 0.596094 0.265104 0.010937 0.011458
0 0.767188 0.350521 0.009375 0.013542
0 0.545703 0.360417 0.003906 0.004167
0 0.567969 0.363542 0.004687 0.006250
0 0.610547 0.383333 0.003906 0.004167