0 0.458594 0.364583 0.007812 0.018750
0 0.615234 0.328125 0.014844 0.037500
0 0.667188 0.366146 0.009375 0.028125
1 0.692187 0.245833 0.021875 0.066667
1 0.839063 0.334375 0.017188 0.050000
1 0.207422 0.319271 0.014844 0.036458
1 0.594922 0.238542 0.014844 0.041667
0 0.459375 0.367708 0.004687 0.006250
0 0.616797 0.334375 0.008594 0.012500
0 0.668359 0.371354 0.005469 0.009375
1 0.692578 0.231250 0.014844 0.025000
1 0.839453 0.323958 0.011719 0.018750
1 0.208203 0.311979 0.010156 0.013542
1 0.595703 0.229687 0.010156 0.015625