0 0.101562 0.330729 0.012500 0.046875
0 0.454297 0.275521 0.017969 0.040625
0 0.514453 0.283854 0.017969 0.034375
0 0.651563 0.350000 0.014063 0.031250
2 0.512109 0.359896 0.011719 0.028125
2 0.532031 0.359896 0.012500 0.028125
2 0.571875 0.381250 0.004687 0.010417
0 0.102734 0.339062 0.007031 0.015625
0 0.455859 0.282813 0.010156 0.013542
0 0.516016 0.290104 0.010156 0.011458
0 0.652344 0.355208 0.007812 0.010417
2 0.512500 0.360938 0.007812 0.011458
2 0.532422 0.360938 0.008594 0.011458
2 0.571875 0.382292 0.003125 0.004167