0 0.076563 0.331250 0.012500 0.050000
0 0.451172 0.273438 0.019531 0.040625
0 0.514453 0.283333 0.017969 0.031250
0 0.659375 0.353125 0.014063 0.018750
2 0.512109 0.365104 0.011719 0.026042
2 0.534375 0.365104 0.009375 0.026042
2 0.574219 0.382292 0.004687 0.010417
0 0.077734 0.339583 0.007031 0.016667
0 0.452344 0.280729 0.010937 0.013542
0 0.516016 0.288542 0.010156 0.010417
0 0.660156 0.356250 0.007812 0.006250
2 0.512500 0.365625 0.007812 0.010417
2 0.534375 0.365625 0.006250 0.010417
2 0.574219 0.383333 0.003125 0.004167