0 0.092969 0.332813 0.010937 0.046875
0 0.451562 0.275000 0.014063 0.043750
0 0.514453 0.283333 0.016406 0.043750
0 0.653906 0.349479 0.014063 0.021875
2 0.510938 0.358333 0.007812 0.010417
2 0.533594 0.359896 0.009375 0.017708
2 0.571875 0.382292 0.004687 0.012500
0 0.093750 0.341146 0.006250 0.015625
0 0.452344 0.282292 0.007812 0.014583
0 0.515625 0.290625 0.009375 0.014583
0 0.654687 0.353646 0.007812 0.007292
2 0.511328 0.359375 0.005469 0.004167
2 0.533594 0.360938 0.006250 0.007292
2 0.571875 0.382812 0.003125 0.005208