0 0.044922 0.296354 0.019531 0.053125
0 0.512891 0.225000 0.021094 0.037500
0 0.593359 0.237500 0.019531 0.037500
0 0.773047 0.327604 0.016406 0.034375
0 0.539062 0.345833 0.009375 0.018750
0 0.562500 0.345833 0.007812 0.012500
0 0.604688 0.366146 0.007812 0.021875
0 0.046094 0.305729 0.010937 0.017708
0 0.514453 0.231250 0.011719 0.012500
0 0.594531 0.243750 0.010937 0.012500
0 0.774219 0.333854 0.009375 0.011458
0 0.540234 0.348958 0.005469 0.006250
0 0.563281 0.347917 0.004687 0.004167
0 0.605469 0.370312 0.004687 0.007292