0 0.396484 0.357812 0.007031 0.021875
0 0.567187 0.319271 0.014063 0.034375
0 0.623437 0.362500 0.007812 0.025000
1 0.675000 0.198437 0.026562 0.078125
1 0.863281 0.316667 0.017188 0.056250
1 0.034375 0.284375 0.014063 0.041667
1 0.552344 0.190104 0.023438 0.044792
0 0.397266 0.361979 0.003906 0.007292
0 0.567969 0.325521 0.007812 0.011458
0 0.624219 0.366667 0.004687 0.008333
1 0.675391 0.181250 0.017969 0.029167
1 0.863672 0.304167 0.011719 0.020833
1 0.034375 0.275521 0.009375 0.015625
1 0.552344 0.180208 0.015625 0.016667