0 0.399609 0.360417 0.005469 0.018750
0 0.567969 0.321354 0.012500 0.034375
0 0.624219 0.363021 0.009375 0.021875
1 0.675000 0.202083 0.026562 0.075000
1 0.859375 0.317188 0.014063 0.044792
1 0.043750 0.285938 0.014063 0.038542
1 0.552734 0.196354 0.025781 0.044792
0 0.400000 0.363542 0.003125 0.006250
0 0.569141 0.327604 0.007031 0.011458
0 0.625391 0.367188 0.005469 0.007292
1 0.675391 0.185938 0.017969 0.028125
1 0.859375 0.307292 0.009375 0.016667
1 0.043750 0.278125 0.009375 0.014583
1 0.553125 0.186458 0.017188 0.016667