0 0.085156 0.333854 0.012500 0.046875
0 0.451953 0.276562 0.017969 0.040625
0 0.514453 0.285938 0.017969 0.040625
0 0.656250 0.354687 0.014063 0.021875
2 0.511328 0.364063 0.010156 0.017708
2 0.533594 0.367188 0.009375 0.026042
2 0.572266 0.386979 0.005469 0.015625
0 0.086328 0.342187 0.007031 0.015625
0 0.453516 0.283854 0.010156 0.013542
0 0.516016 0.293229 0.010156 0.013542
0 0.657031 0.358854 0.007812 0.007292
2 0.512109 0.365104 0.007031 0.007292
2 0.533594 0.367708 0.006250 0.010417
2 0.573047 0.387500 0.003906 0.006250