0 0.134766 0.320312 0.014844 0.046875
0 0.532422 0.264583 0.019531 0.031250
0 0.599609 0.275000 0.017969 0.043750
0 0.753125 0.351562 0.014063 0.040625
0 0.554688 0.361979 0.007812 0.021875
0 0.576562 0.361979 0.007812 0.021875
0 0.618359 0.383333 0.005469 0.018750
0 0.136328 0.328646 0.008594 0.015625
0 0.533594 0.269792 0.010937 0.010417
0 0.601172 0.282292 0.010156 0.014583
0 0.753906 0.358854 0.007812 0.013542
0 0.555469 0.366146 0.004687 0.007292
0 0.577344 0.366146 0.004687 0.007292
0 0.618750 0.386458 0.003125 0.006250