0 0.404297 0.358854 0.005469 0.015625
0 0.572656 0.322396 0.010937 0.021875
0 0.627344 0.360938 0.012500 0.034375
1 0.675000 0.209896 0.028125 0.078125
1 0.852734 0.320312 0.016406 0.053125
1 0.067578 0.290104 0.011719 0.038542
1 0.556641 0.197396 0.019531 0.046875
0 0.404687 0.361979 0.003125 0.005208
0 0.573438 0.326562 0.006250 0.007292
0 0.628516 0.367188 0.007031 0.011458
1 0.675000 0.192708 0.018750 0.029167
1 0.853125 0.308854 0.010937 0.019792
1 0.067969 0.282292 0.007812 0.014583
1 0.557422 0.188021 0.013281 0.017708