0 0.401172 0.359896 0.007031 0.015625
0 0.570312 0.321875 0.014063 0.031250
0 0.625000 0.362500 0.012500 0.031250
1 0.675000 0.205208 0.028125 0.075000
1 0.857812 0.318229 0.018750 0.053125
1 0.053125 0.288021 0.012500 0.038542
1 0.553906 0.196354 0.021875 0.038542
0 0.401953 0.363021 0.003906 0.005208
0 0.571094 0.327083 0.007812 0.010417
0 0.626172 0.367708 0.007031 0.010417
1 0.675000 0.189062 0.018750 0.028125
1 0.857812 0.306771 0.012500 0.019792
1 0.053516 0.280208 0.008594 0.014583
1 0.554297 0.188542 0.014844 0.014583