0 0.435937 0.366667 0.007812 0.018750
0 0.597656 0.331250 0.010937 0.018750
0 0.651563 0.369271 0.007812 0.021875
1 0.684375 0.234896 0.026562 0.069792
1 0.842578 0.333854 0.016406 0.053125
1 0.155469 0.308854 0.007812 0.021875
1 0.580078 0.224479 0.016406 0.038542
0 0.436719 0.369792 0.004687 0.006250
0 0.598437 0.334375 0.006250 0.006250
0 0.652344 0.373437 0.004687 0.007292
1 0.684766 0.220312 0.017969 0.026042
1 0.842969 0.322396 0.010937 0.019792
1 0.155859 0.304167 0.005469 0.008333
1 0.580469 0.216667 0.010937 0.014583