0 0.026953 0.306771 0.016406 0.046875
0 0.444922 0.239063 0.019531 0.046875
0 0.516797 0.248958 0.019531 0.043750
0 0.678516 0.327604 0.014844 0.034375
2 0.515234 0.344271 0.011719 0.026042
2 0.538281 0.344271 0.009375 0.015625
2 0.578516 0.365625 0.005469 0.020833
0 0.028125 0.315104 0.009375 0.015625
0 0.446094 0.247396 0.010937 0.015625
0 0.517969 0.256250 0.010937 0.014583
0 0.680078 0.333854 0.008594 0.011458
2 0.515625 0.344792 0.007812 0.010417
2 0.538281 0.344792 0.006250 0.006250
2 0.579297 0.366667 0.003906 0.008333