0 0.039453 0.321354 0.014844 0.053125
0 0.446484 0.258333 0.019531 0.043750
0 0.515234 0.267188 0.019531 0.040625
0 0.672266 0.343750 0.014844 0.031250
2 0.513672 0.358854 0.010156 0.028125
2 0.537500 0.359375 0.014063 0.031250
2 0.576953 0.379688 0.005469 0.017708
0 0.041016 0.330729 0.008594 0.017708
0 0.447656 0.265625 0.010937 0.014583
0 0.516406 0.274479 0.010937 0.013542
0 0.673828 0.348958 0.008594 0.010417
2 0.514453 0.359896 0.007031 0.011458
2 0.537500 0.360417 0.009375 0.012500
2 0.577734 0.380729 0.003906 0.007292