0 0.403516 0.357812 0.005469 0.021875
0 0.571094 0.321875 0.010937 0.025000
0 0.626563 0.361979 0.009375 0.028125
1 0.673828 0.207292 0.028906 0.075000
1 0.854688 0.317708 0.017188 0.050000
1 0.062109 0.288542 0.011719 0.033333
1 0.554297 0.197396 0.021094 0.046875
0 0.403906 0.361979 0.003125 0.007292
0 0.571875 0.326042 0.006250 0.008333
0 0.627734 0.367188 0.005469 0.009375
1 0.674609 0.191146 0.019531 0.028125
1 0.855078 0.307292 0.011719 0.018750
1 0.062500 0.281250 0.007812 0.012500
1 0.554688 0.188021 0.014063 0.017708