0 0.143359 0.319792 0.014844 0.043750
0 0.533984 0.264583 0.019531 0.043750
0 0.600391 0.275000 0.017969 0.043750
0 0.751172 0.350000 0.019531 0.043750
0 0.556250 0.360417 0.007812 0.012500
0 0.578125 0.360938 0.007812 0.015625
0 0.619141 0.381250 0.005469 0.012500
0 0.144922 0.327083 0.008594 0.014583
0 0.535156 0.271875 0.010937 0.014583
0 0.601953 0.282292 0.010156 0.014583
0 0.752344 0.357292 0.010937 0.014583
0 0.557031 0.362500 0.004687 0.004167
0 0.578906 0.364063 0.004687 0.005208
0 0.619531 0.383333 0.003125 0.004167