0 0.282031 0.351562 0.009375 0.034375
0 0.555469 0.308333 0.012500 0.025000
0 0.601172 0.314063 0.014844 0.034375
0 0.707031 0.365104 0.012500 0.034375
0 0.579297 0.367708 0.005469 0.018750
0 0.599609 0.368750 0.005469 0.012500
0 0.635547 0.386458 0.005469 0.018750
0 0.283203 0.357812 0.005469 0.011458
0 0.556641 0.312500 0.007031 0.008333
0 0.602734 0.320312 0.008594 0.011458
0 0.708203 0.371354 0.007031 0.011458
0 0.579688 0.370833 0.003125 0.006250
0 0.600000 0.370833 0.003125 0.004167
0 0.635938 0.389583 0.003125 0.006250