0 0.411328 0.363021 0.007031 0.015625
0 0.577344 0.326042 0.012500 0.025000
0 0.632812 0.366667 0.007812 0.018750
1 0.675391 0.217708 0.028906 0.075000
1 0.849219 0.326042 0.017188 0.056250
1 0.089063 0.296354 0.014063 0.030208
1 0.559375 0.209375 0.026562 0.050000
0 0.412109 0.366146 0.003906 0.005208
0 0.578516 0.330208 0.007031 0.008333
0 0.633594 0.369792 0.004687 0.006250
1 0.676172 0.201563 0.019531 0.028125
1 0.849609 0.313542 0.011719 0.020833
1 0.089063 0.290104 0.009375 0.011458
1 0.559766 0.198958 0.017969 0.018750