0 0.080469 0.332813 0.012500 0.046875
0 0.451172 0.275000 0.017969 0.043750
0 0.514453 0.284375 0.017969 0.037500
0 0.657813 0.353646 0.014063 0.021875
2 0.511719 0.364583 0.009375 0.022917
2 0.532813 0.366146 0.012500 0.026042
2 0.573438 0.383333 0.004687 0.010417
0 0.081641 0.341146 0.007031 0.015625
0 0.452734 0.282292 0.010156 0.014583
0 0.516016 0.290625 0.010156 0.012500
0 0.658594 0.357812 0.007812 0.007292
2 0.511719 0.366146 0.006250 0.009375
2 0.533203 0.366667 0.008594 0.010417
2 0.573438 0.384375 0.003125 0.004167