0 0.085547 0.316146 0.019531 0.053125
0 0.521484 0.250521 0.019531 0.046875
0 0.595703 0.262500 0.019531 0.037500
0 0.762891 0.344271 0.021094 0.040625
0 0.546094 0.360938 0.007812 0.015625
0 0.568750 0.362500 0.007812 0.012500
0 0.610547 0.383333 0.005469 0.018750
0 0.086719 0.325521 0.010937 0.017708
0 0.522656 0.258854 0.010937 0.015625
0 0.596875 0.268750 0.010937 0.012500
0 0.764453 0.351562 0.011719 0.013542
0 0.546875 0.364063 0.004687 0.005208
0 0.569531 0.364583 0.004687 0.004167
0 0.610938 0.386458 0.003125 0.006250