0 0.013672 0.306250 0.017969 0.056250
0 0.443359 0.241667 0.019531 0.050000
0 0.516797 0.252604 0.021094 0.034375
0 0.683203 0.334896 0.016406 0.028125
2 0.516016 0.351562 0.011719 0.028125
2 0.538672 0.351042 0.011719 0.020833
2 0.578906 0.370833 0.009375 0.022917
0 0.015234 0.315625 0.010156 0.018750
0 0.444531 0.250000 0.010937 0.016667
0 0.518359 0.258854 0.011719 0.011458
0 0.684375 0.340104 0.009375 0.009375
2 0.516406 0.352604 0.007812 0.011458
2 0.539062 0.352083 0.007812 0.008333
2 0.578906 0.372396 0.006250 0.009375