0 0.396484 0.359896 0.005469 0.015625
0 0.566406 0.322396 0.012500 0.021875
0 0.622656 0.363021 0.009375 0.021875
1 0.675391 0.198958 0.028906 0.081250
1 0.864844 0.316146 0.017188 0.053125
1 0.028516 0.283854 0.016406 0.038542
1 0.549609 0.191146 0.024219 0.044792
0 0.396875 0.363021 0.003125 0.005208
0 0.567578 0.326562 0.007031 0.007292
0 0.623828 0.367188 0.005469 0.007292
1 0.676172 0.181771 0.019531 0.030208
1 0.865234 0.304688 0.011719 0.019792
1 0.028906 0.276042 0.010937 0.014583
1 0.550391 0.181250 0.016406 0.016667