0 0.147266 0.320833 0.014844 0.050000
0 0.534766 0.266146 0.017969 0.040625
0 0.600391 0.277604 0.017969 0.034375
0 0.750781 0.353125 0.014063 0.037500
0 0.557813 0.360938 0.007812 0.015625
0 0.579297 0.362500 0.007031 0.018750
0 0.619922 0.383333 0.007031 0.012500
0 0.148828 0.329167 0.008594 0.016667
0 0.536328 0.273438 0.010156 0.013542
0 0.601953 0.283854 0.010156 0.011458
0 0.751563 0.359375 0.007812 0.012500
0 0.558594 0.364063 0.004687 0.005208
0 0.580078 0.365625 0.003906 0.006250
0 0.620703 0.385417 0.003906 0.004167