0 0.440234 0.368750 0.007031 0.018750
0 0.600781 0.333333 0.010937 0.018750
0 0.653125 0.371354 0.009375 0.021875
1 0.684766 0.241667 0.024219 0.072917
1 0.841016 0.336979 0.014844 0.053125
1 0.165625 0.313021 0.009375 0.021875
1 0.583203 0.232813 0.016406 0.046875
0 0.441016 0.371875 0.003906 0.006250
0 0.601562 0.336458 0.006250 0.006250
0 0.654297 0.375521 0.005469 0.007292
1 0.685547 0.226042 0.016406 0.027083
1 0.841797 0.325521 0.010156 0.019792
1 0.165625 0.308333 0.006250 0.008333
1 0.583594 0.223438 0.010937 0.017708