0 0.454688 0.362500 0.007812 0.025000
0 0.612500 0.326562 0.009375 0.028125
0 0.664062 0.365625 0.009375 0.025000
1 0.691016 0.242188 0.025781 0.069792
1 0.839453 0.335417 0.014844 0.056250
1 0.198828 0.313021 0.007031 0.021875
1 0.592578 0.230729 0.014844 0.036458
0 0.455469 0.366667 0.004687 0.008333
0 0.613672 0.331771 0.005469 0.009375
0 0.665234 0.369792 0.005469 0.008333
1 0.691406 0.227604 0.017188 0.026042
1 0.840234 0.322917 0.010156 0.020833
1 0.199219 0.308333 0.004687 0.008333
1 0.593359 0.223438 0.010156 0.013542