0 0.028516 0.304167 0.028906 0.068750
0 0.444922 0.242188 0.019531 0.046875
0 0.516016 0.251563 0.019531 0.046875
0 0.676953 0.330208 0.016406 0.031250
2 0.514453 0.345833 0.010156 0.022917
2 0.536719 0.345833 0.012500 0.033333
2 0.578516 0.367188 0.007031 0.015625
0 0.030859 0.315625 0.016406 0.022917
0 0.446094 0.250521 0.010937 0.015625
0 0.517188 0.259896 0.010937 0.015625
0 0.678125 0.335417 0.009375 0.010417
2 0.515234 0.347396 0.007031 0.009375
2 0.537109 0.347396 0.008594 0.013542
2 0.578906 0.367708 0.004687 0.006250