0 0.286719 0.358333 0.007812 0.031250
0 0.554297 0.314583 0.014844 0.025000
0 0.600781 0.319271 0.012500 0.034375
0 0.703125 0.369271 0.007812 0.034375
0 0.579297 0.373958 0.005469 0.018750
0 0.597656 0.370312 0.007812 0.028125
0 0.634766 0.390104 0.005469 0.015625
0 0.287500 0.363542 0.004687 0.010417
0 0.555859 0.318750 0.008594 0.008333
0 0.601953 0.325521 0.007031 0.011458
0 0.703906 0.375521 0.004687 0.011458
0 0.579688 0.377083 0.003125 0.006250
0 0.598437 0.375521 0.004687 0.009375
0 0.635156 0.393229 0.003125 0.005208