0 0.044141 0.327604 0.016406 0.053125
0 0.446484 0.263021 0.019531 0.046875
0 0.514453 0.271875 0.017969 0.037500
0 0.669922 0.346875 0.014844 0.031250
2 0.512891 0.361458 0.010156 0.022917
2 0.535156 0.362500 0.014063 0.033333
2 0.576172 0.381771 0.005469 0.015625
0 0.045312 0.336979 0.009375 0.017708
0 0.447656 0.271354 0.010937 0.015625
0 0.516016 0.278125 0.010156 0.012500
0 0.671484 0.352083 0.008594 0.010417
2 0.513672 0.363021 0.007031 0.009375
2 0.535156 0.364063 0.009375 0.013542
2 0.576953 0.382292 0.003906 0.006250