0 0.217188 0.341146 0.014063 0.040625
0 0.548828 0.288021 0.016406 0.028125
0 0.605859 0.295312 0.014844 0.034375
0 0.734375 0.360938 0.014063 0.028125
0 0.571875 0.366667 0.007812 0.012500
0 0.592187 0.365104 0.012500 0.021875
0 0.632422 0.384896 0.005469 0.015625
0 0.217969 0.348438 0.007812 0.013542
0 0.550000 0.293229 0.009375 0.009375
0 0.607422 0.301563 0.008594 0.011458
0 0.735156 0.366146 0.007812 0.009375
0 0.572656 0.368750 0.004687 0.004167
0 0.593359 0.369271 0.007031 0.007292
0 0.632812 0.388021 0.003125 0.005208