0 0.278125 0.350521 0.009375 0.034375
0 0.555859 0.304688 0.014844 0.028125
0 0.603906 0.310937 0.012500 0.028125
0 0.711719 0.363021 0.009375 0.021875
0 0.579688 0.364063 0.009375 0.028125
0 0.600000 0.366667 0.007812 0.012500
0 0.637109 0.383854 0.005469 0.015625
0 0.279297 0.356771 0.005469 0.011458
0 0.557422 0.309896 0.008594 0.009375
0 0.605078 0.316146 0.007031 0.009375
0 0.712891 0.367188 0.005469 0.007292
0 0.580859 0.369271 0.005469 0.009375
0 0.600781 0.368750 0.004687 0.004167
0 0.637500 0.386979 0.003125 0.005208